x,y,cell,cell_x,cell_y,opt_traj,point_id,steps_taken,extra_steps
64,24,0,65.0,20.0,10,8728,226,216
64,19,0,65.0,20.0,15,6923,113,98
66,18,0,65.0,20.0,18,6564,71,53
63,18,0,65.0,20.0,15,6561,200,185
63,24,0,65.0,20.0,9,8727,72,63
68,16,0,65.0,20.0,22,5844,116,94
61,24,0,65.0,20.0,7,8725,49,42
60,20,0,65.0,20.0,10,7280,25,15
66,19,0,65.0,20.0,17,6925,39,22
62,23,0,65.0,20.0,9,8365,90,81
79,17,1,75.0,20.0,32,6216,52,20
74,17,1,75.0,20.0,27,6211,119,92
74,19,1,75.0,20.0,25,6933,61,36
74,20,1,75.0,20.0,24,7294,53,29
78,16,1,75.0,20.0,32,5854,121,89
70,18,1,75.0,20.0,22,6568,117,95
72,21,1,75.0,20.0,21,7653,48,27
75,20,1,75.0,20.0,25,7295,42,17
70,24,1,75.0,20.0,16,8734,45,29
75,23,1,75.0,20.0,22,8378,64,42
85,16,2,85.0,20.0,39,5861,57,18
80,21,2,85.0,20.0,29,7661,45,16
88,18,2,85.0,20.0,40,6586,63,23
85,17,2,85.0,20.0,38,6222,132,94
86,15,2,85.0,20.0,41,5501,123,82
84,15,2,85.0,20.0,39,5499,120,81
82,19,2,85.0,20.0,33,6941,53,20
86,15,2,85.0,20.0,41,5501,133,92
82,23,2,85.0,20.0,29,8385,43,14
86,18,2,85.0,20.0,38,6584,53,15
95,23,3,95.0,20.0,42,8398,69,27
92,18,3,95.0,20.0,44,6590,67,23
92,20,3,95.0,20.0,42,7312,76,34
91,22,3,95.0,20.0,39,8033,65,26
91,23,3,95.0,20.0,38,8394,71,33
96,23,3,95.0,20.0,43,8399,78,35
94,15,3,95.0,20.0,49,5509,137,88
90,22,3,95.0,20.0,38,8032,64,26
97,15,3,95.0,20.0,52,5512,147,95
96,24,3,95.0,20.0,42,8760,59,17
103,21,4,105.0,20.0,52,7684,98,46
106,19,4,105.0,20.0,57,6965,84,27
101,21,4,105.0,20.0,50,7682,71,21
108,21,4,105.0,20.0,57,7689,86,29
101,20,4,105.0,20.0,51,7321,91,40
103,19,4,105.0,20.0,54,6962,104,50
108,19,4,105.0,20.0,59,6967,89,30
106,16,4,105.0,20.0,60,5882,147,87
108,18,4,105.0,20.0,60,6606,91,31
106,17,4,105.0,20.0,59,6243,86,27
111,24,5,115.0,20.0,57,8775,92,35
111,24,5,115.0,20.0,57,8775,77,20
113,23,5,115.0,20.0,60,8416,117,57
114,22,5,115.0,20.0,62,8056,123,61
113,16,5,115.0,20.0,67,5889,105,38
113,18,5,115.0,20.0,65,6611,102,37
110,20,5,115.0,20.0,60,7330,94,34
119,17,5,115.0,20.0,72,6256,92,20
117,18,5,115.0,20.0,69,6615,91,22
118,20,5,115.0,20.0,68,7338,96,28
123,15,6,125.0,20.0,78,5538,174,96
128,19,6,125.0,20.0,79,6987,96,17
126,21,6,125.0,20.0,75,7707,107,32
120,19,6,125.0,20.0,71,6979,99,28
124,16,6,125.0,20.0,78,5900,106,28
129,24,6,125.0,20.0,75,8793,108,33
125,19,6,125.0,20.0,76,6984,111,35
126,15,6,125.0,20.0,81,5541,165,84
123,17,6,125.0,20.0,76,6260,101,25
127,16,6,125.0,20.0,81,5903,111,30
136,24,7,135.0,20.0,82,8800,137,55
131,23,7,135.0,20.0,78,8434,116,38
135,18,7,135.0,20.0,87,6633,111,24
135,21,7,135.0,20.0,84,7716,129,45
139,19,7,135.0,20.0,90,6998,134,44
133,22,7,135.0,20.0,81,8075,124,43
133,18,7,135.0,20.0,85,6631,122,37
138,17,7,135.0,20.0,91,6275,127,36
132,16,7,135.0,20.0,86,5908,117,31
136,15,7,135.0,20.0,91,5551,184,93
146,18,8,145.0,20.0,98,6644,135,37
142,15,8,145.0,20.0,97,5557,191,94
143,22,8,145.0,20.0,91,8085,139,48
142,18,8,145.0,20.0,94,6640,126,32
146,16,8,145.0,20.0,100,5922,125,25
149,18,8,145.0,20.0,101,6647,160,59
143,15,8,145.0,20.0,98,5558,121,23
143,19,8,145.0,20.0,94,7002,122,28
142,22,8,145.0,20.0,90,8084,124,34
149,22,8,145.0,20.0,97,8091,144,47
156,21,9,155.0,20.0,105,7737,146,41
157,19,9,155.0,20.0,108,7016,134,26
154,20,9,155.0,20.0,104,7374,157,53
153,16,9,155.0,20.0,107,5929,131,24
159,23,9,155.0,20.0,106,8462,138,32
158,19,9,155.0,20.0,109,7017,153,44
159,22,9,155.0,20.0,107,8101,172,65
154,18,9,155.0,20.0,106,6652,132,26
154,17,9,155.0,20.0,107,6291,150,43
157,23,9,155.0,20.0,104,8460,153,49
169,19,10,165.0,20.0,120,7028,150,30
166,24,10,165.0,20.0,112,8830,197,85
162,23,10,165.0,20.0,109,8465,150,41
166,22,10,165.0,20.0,114,8108,145,31
161,16,10,165.0,20.0,115,5937,202,87
162,15,10,165.0,20.0,117,5577,222,105
165,22,10,165.0,20.0,113,8107,164,51
163,16,10,165.0,20.0,117,5939,145,28
161,18,10,165.0,20.0,113,6659,237,124
162,18,10,165.0,20.0,114,6660,172,58
171,15,11,175.0,20.0,126,5586,163,37
176,16,11,175.0,20.0,130,5952,1001,871
172,17,11,175.0,20.0,125,6309,212,87
173,17,11,175.0,20.0,126,6310,159,33
177,20,11,175.0,20.0,127,7397,204,77
171,19,11,175.0,20.0,122,7030,149,27
170,22,11,175.0,20.0,118,8112,225,107
172,22,11,175.0,20.0,120,8114,146,26
177,21,11,175.0,20.0,126,7758,1001,875
178,22,11,175.0,20.0,126,8120,177,51
182,15,12,185.0,20.0,137,5597,1001,864
181,21,12,185.0,20.0,130,7762,1001,871
180,20,12,185.0,20.0,130,7400,186,56
188,16,12,185.0,20.0,142,5964,1001,859
188,18,12,185.0,20.0,140,6686,1001,861
180,15,12,185.0,20.0,135,5595,230,95
187,16,12,185.0,20.0,141,5963,1001,860
186,19,12,185.0,20.0,137,7045,233,96
182,16,12,185.0,20.0,136,5958,234,98
186,18,12,185.0,20.0,138,6684,1001,863
196,23,13,195.0,20.0,143,8499,1001,858
199,20,13,195.0,20.0,149,7419,1001,852
190,24,13,195.0,20.0,136,8854,1001,865
191,17,13,195.0,20.0,144,6328,1001,857
192,20,13,195.0,20.0,142,7412,1001,859
198,17,13,195.0,20.0,151,6335,1001,850
193,20,13,195.0,20.0,143,7413,1001,858
197,23,13,195.0,20.0,144,8500,1001,857
195,18,13,195.0,20.0,147,6693,267,120
197,17,13,195.0,20.0,150,6334,262,112
206,24,14,205.0,20.0,152,8870,1001,849
207,22,14,205.0,20.0,155,8149,1001,846
200,23,14,205.0,20.0,147,8503,1001,854
208,17,14,205.0,20.0,161,6345,276,115
209,16,14,205.0,20.0,163,5985,254,91
202,21,14,205.0,20.0,151,7783,1001,850
206,21,14,205.0,20.0,155,7787,1001,846
200,18,14,205.0,20.0,152,6698,1001,849
203,15,14,205.0,20.0,158,5618,1001,843
207,15,14,205.0,20.0,162,5622,255,93
216,24,15,215.0,20.0,162,8880,1001,839
212,15,15,215.0,20.0,167,5627,267,100
216,16,15,215.0,20.0,170,5992,270,100
212,22,15,215.0,20.0,160,8154,1001,841
213,24,15,215.0,20.0,159,8877,295,136
219,17,15,215.0,20.0,172,6356,285,113
216,19,15,215.0,20.0,167,7075,1001,834
218,19,15,215.0,20.0,169,7077,277,108
212,16,15,215.0,20.0,166,5988,281,115
210,22,15,215.0,20.0,158,8152,1001,843
228,17,16,225.0,20.0,181,6365,1001,820
226,16,16,225.0,20.0,180,6002,290,110
221,20,16,225.0,20.0,171,7441,275,104
229,23,16,225.0,20.0,176,8532,309,133
226,18,16,225.0,20.0,178,6724,287,109
224,18,16,225.0,20.0,176,6722,1001,825
227,24,16,225.0,20.0,173,8891,1001,828
228,19,16,225.0,20.0,179,7087,314,135
221,22,16,225.0,20.0,169,8163,1001,832
220,18,16,225.0,20.0,172,6718,1001,829
232,15,17,235.0,20.0,187,5647,1001,814
238,18,17,235.0,20.0,190,6736,1001,811
235,22,17,235.0,20.0,183,8177,1001,818
234,21,17,235.0,20.0,183,7815,1001,818
231,24,17,235.0,20.0,177,8895,302,125
234,16,17,235.0,20.0,188,6010,1001,813
238,18,17,235.0,20.0,190,6736,1001,811
232,19,17,235.0,20.0,183,7091,1001,818
231,17,17,235.0,20.0,184,6368,1001,817
236,22,17,235.0,20.0,184,8178,1001,817
241,20,18,245.0,20.0,191,7461,1001,810
245,20,18,245.0,20.0,195,7465,1001,806
247,18,18,245.0,20.0,199,6745,1001,802
240,18,18,245.0,20.0,192,6738,1001,809
241,19,18,245.0,20.0,192,7100,1001,809
247,24,18,245.0,20.0,193,8911,1001,808
244,15,18,245.0,20.0,199,5659,420,221
243,18,18,245.0,20.0,195,6741,1001,806
242,16,18,245.0,20.0,196,6018,1001,805
245,17,18,245.0,20.0,198,6382,1001,803
253,16,19,255.0,20.0,207,6029,1001,794
257,20,19,255.0,20.0,207,7477,1001,794
259,24,19,255.0,20.0,205,8923,344,139
252,18,19,255.0,20.0,204,6750,1001,797
256,24,19,255.0,20.0,202,8920,346,144
252,23,19,255.0,20.0,199,8555,326,127
253,20,19,255.0,20.0,203,7473,1001,798
258,24,19,255.0,20.0,204,8922,583,379
253,20,19,255.0,20.0,203,7473,1001,798
251,24,19,255.0,20.0,197,8915,339,142
265,23,20,265.0,20.0,212,8568,1001,789
261,22,20,265.0,20.0,209,8203,326,117
261,20,20,265.0,20.0,211,7481,1001,790
265,24,20,265.0,20.0,211,8929,1001,790
263,17,20,265.0,20.0,216,6400,424,208
268,18,20,265.0,20.0,220,6766,1001,781
262,20,20,265.0,20.0,212,7482,1001,789
268,17,20,265.0,20.0,221,6405,1001,780
262,16,20,265.0,20.0,216,6038,1001,785
265,24,20,265.0,20.0,211,8929,1001,790
274,15,21,275.0,20.0,229,5689,406,177
272,15,21,275.0,20.0,227,5687,456,229
271,18,21,275.0,20.0,223,6769,340,117
274,24,21,275.0,20.0,220,8938,348,128
275,15,21,275.0,20.0,230,5690,420,190
274,19,21,275.0,20.0,225,7133,384,159
274,20,21,275.0,20.0,224,7494,400,176
279,17,21,275.0,20.0,232,6416,416,184
272,15,21,275.0,20.0,227,5687,392,165
279,21,21,275.0,20.0,228,7860,1001,773
283,15,22,285.0,20.0,238,5698,409,171
280,19,22,285.0,20.0,231,7139,350,119
287,24,22,285.0,20.0,233,8951,360,127
283,15,22,285.0,20.0,238,5698,422,184
283,19,22,285.0,20.0,234,7142,410,176
286,20,22,285.0,20.0,236,7506,355,119
286,18,22,285.0,20.0,238,6784,379,141
281,24,22,285.0,20.0,227,8945,365,138
282,17,22,285.0,20.0,235,6419,394,159
281,23,22,285.0,20.0,228,8584,1001,773
295,19,23,295.0,20.0,246,7154,1001,755
298,17,23,295.0,20.0,251,6435,433,182
293,21,23,295.0,20.0,242,7874,411,169
293,18,23,295.0,20.0,245,6791,416,171
294,16,23,295.0,20.0,248,6070,412,164
292,16,23,295.0,20.0,246,6068,410,164
293,22,23,295.0,20.0,241,8235,1001,760
290,18,23,295.0,20.0,242,6788,422,180
295,24,23,295.0,20.0,241,8959,370,129
291,15,23,295.0,20.0,246,5706,413,167
303,18,24,305.0,20.0,255,6801,447,192
307,22,24,305.0,20.0,255,8249,1001,746
308,17,24,305.0,20.0,261,6445,481,220
307,23,24,305.0,20.0,254,8610,445,191
309,22,24,305.0,20.0,257,8251,422,165
302,22,24,305.0,20.0,250,8244,1001,751
308,19,24,305.0,20.0,259,7167,437,178
305,24,24,305.0,20.0,251,8969,1001,750
307,21,24,305.0,20.0,256,7888,1001,745
308,23,24,305.0,20.0,255,8611,1001,746
310,19,25,312.5,20.0,261,7169,442,181
312,16,25,312.5,20.0,266,6088,455,189
310,22,25,312.5,20.0,258,8252,442,184
312,15,25,312.5,20.0,267,5727,486,219
314,20,25,312.5,20.0,264,7534,1001,737
314,15,25,312.5,20.0,269,5729,478,209
311,17,25,312.5,20.0,264,6448,452,188
312,22,25,312.5,20.0,260,8254,1001,741
314,18,25,312.5,20.0,266,6812,448,182
311,21,25,312.5,20.0,260,7892,1001,741
67,25,26,65.0,30.0,12,9092,40,28
67,34,26,65.0,30.0,11,12341,20,9
60,30,26,65.0,30.0,0,10890,14,14
63,32,26,65.0,30.0,5,11615,18,13
63,29,26,65.0,30.0,4,10532,31,27
65,30,26,65.0,30.0,5,10895,268,263
66,33,26,65.0,30.0,9,11979,25,16
62,30,26,65.0,30.0,2,10892,41,39
64,30,26,65.0,30.0,4,10894,43,39
64,30,26,65.0,30.0,4,10894,56,52
77,28,27,75.0,30.0,19,10185,49,30
73,26,27,75.0,30.0,17,9459,54,37
77,27,27,75.0,30.0,20,9824,50,30
71,31,27,75.0,30.0,12,11262,16,4
72,25,27,75.0,30.0,17,9097,36,19
74,28,27,75.0,30.0,16,10182,47,31
71,32,27,75.0,30.0,13,11623,36,23
75,32,27,75.0,30.0,17,11627,31,14
77,33,27,75.0,30.0,20,11990,46,26
77,33,27,75.0,30.0,20,11990,43,23
85,29,28,85.0,30.0,26,10554,43,17
84,29,28,85.0,30.0,25,10553,30,5
84,29,28,85.0,30.0,25,10553,53,28
89,32,28,85.0,30.0,31,11641,74,43
83,34,28,85.0,30.0,27,12357,70,43
89,30,28,85.0,30.0,29,10919,36,7
83,30,28,85.0,30.0,23,10913,50,27
86,25,28,85.0,30.0,31,9111,48,17
86,34,28,85.0,30.0,30,12360,44,14
80,29,28,85.0,30.0,21,10549,65,44
97,33,29,95.0,30.0,40,12010,55,15
97,26,29,95.0,30.0,41,9483,82,41
98,25,29,95.0,30.0,43,9123,63,20
90,34,29,95.0,30.0,34,12364,50,16
94,25,29,95.0,30.0,39,9119,70,31
93,29,29,95.0,30.0,34,10562,187,153
96,32,29,95.0,30.0,38,11648,81,43
93,26,29,95.0,30.0,37,9479,54,17
96,32,29,95.0,30.0,38,11648,59,21
97,32,29,95.0,30.0,39,11649,61,22
109,32,30,105.0,30.0,51,11661,87,36
104,34,30,105.0,30.0,48,12378,81,33
103,26,30,105.0,30.0,47,9489,78,31
102,30,30,105.0,30.0,42,10932,79,37
108,32,30,105.0,30.0,50,11660,72,22
109,34,30,105.0,30.0,53,12383,89,36
104,30,30,105.0,30.0,44,10934,53,9
103,28,30,105.0,30.0,45,10211,69,24
102,29,30,105.0,30.0,43,10571,84,41
109,33,30,105.0,30.0,52,12022,87,35
117,31,31,115.0,30.0,58,11308,113,55
112,28,31,115.0,30.0,54,10220,168,114
112,31,31,115.0,30.0,53,11303,141,88
118,25,31,115.0,30.0,63,9143,89,26
119,26,31,115.0,30.0,63,9505,95,32
119,32,31,115.0,30.0,61,11671,81,20
117,31,31,115.0,30.0,58,11308,76,18
117,33,31,115.0,30.0,60,12030,84,24
118,28,31,115.0,30.0,60,10226,98,38
118,27,31,115.0,30.0,61,9865,110,49
120,26,32,125.0,30.0,64,9506,106,42
121,28,32,125.0,30.0,63,10229,110,47
128,34,32,125.0,30.0,72,12402,103,31
124,28,32,125.0,30.0,66,10232,111,45
120,30,32,125.0,30.0,60,10950,101,41
123,33,32,125.0,30.0,66,12036,92,26
124,26,32,125.0,30.0,68,9510,295,227
124,32,32,125.0,30.0,66,11676,91,25
124,27,32,125.0,30.0,67,9871,114,47
129,26,32,125.0,30.0,73,9515,139,66
135,33,33,135.0,30.0,78,12048,96,18
137,25,33,135.0,30.0,82,9162,111,29
131,28,33,135.0,30.0,73,10239,164,91
131,30,33,135.0,30.0,71,10961,90,19
136,32,33,135.0,30.0,78,11688,180,102
133,34,33,135.0,30.0,77,12407,112,35
134,27,33,135.0,30.0,77,9881,126,49
137,32,33,135.0,30.0,79,11689,103,24
138,26,33,135.0,30.0,82,9524,130,48
131,31,33,135.0,30.0,72,11322,97,25
141,28,34,145.0,30.0,83,10249,132,49
141,33,34,145.0,30.0,84,12054,113,29
143,30,34,145.0,30.0,83,10973,134,51
142,32,34,145.0,30.0,84,11694,118,34
142,33,34,145.0,30.0,85,12055,106,21
146,29,34,145.0,30.0,87,10615,134,47
140,31,34,145.0,30.0,81,11331,112,31
145,28,34,145.0,30.0,87,10253,130,43
148,33,34,145.0,30.0,91,12061,127,36
140,28,34,145.0,30.0,82,10248,131,49
158,32,35,155.0,30.0,100,11710,181,81
152,31,35,155.0,30.0,93,11343,162,69
155,33,35,155.0,30.0,98,12068,120,22
159,25,35,155.0,30.0,104,9184,133,29
155,26,35,155.0,30.0,99,9541,127,28
154,25,35,155.0,30.0,99,9179,214,115
155,27,35,155.0,30.0,98,9902,144,46
151,33,35,155.0,30.0,94,12064,125,31
153,34,35,155.0,30.0,97,12427,124,27
150,29,35,155.0,30.0,91,10619,143,52
162,28,36,165.0,30.0,104,10270,127,23
162,26,36,165.0,30.0,106,9548,152,46
167,34,36,165.0,30.0,111,12441,132,21
161,28,36,165.0,30.0,103,10269,144,41
168,27,36,165.0,30.0,111,9915,192,81
169,34,36,165.0,30.0,113,12443,140,27
163,33,36,165.0,30.0,106,12076,141,35
163,29,36,165.0,30.0,104,10632,169,65
168,31,36,165.0,30.0,109,11359,144,35
161,29,36,165.0,30.0,102,10630,161,59
170,33,37,175.0,30.0,113,12083,169,56
179,33,37,175.0,30.0,122,12092,147,25
175,34,37,175.0,30.0,119,12449,143,24
172,26,37,175.0,30.0,116,9558,173,57
172,27,37,175.0,30.0,115,9919,161,46
172,27,37,175.0,30.0,115,9919,166,51
175,27,37,175.0,30.0,118,9922,175,57
171,30,37,175.0,30.0,111,11001,182,71
176,34,37,175.0,30.0,120,12450,149,29
177,25,37,175.0,30.0,122,9202,175,53
187,28,38,185.0,30.0,129,10295,1001,872
180,33,38,185.0,30.0,123,12093,137,14
185,32,38,185.0,30.0,127,11737,1001,874
184,34,38,185.0,30.0,128,12458,1001,873
187,29,38,185.0,30.0,128,10656,1001,873
187,32,38,185.0,30.0,129,11739,1001,872
188,25,38,185.0,30.0,133,9213,1001,868
186,33,38,185.0,30.0,129,12099,1001,872
185,26,38,185.0,30.0,129,9571,1001,872
185,26,38,185.0,30.0,129,9571,1001,872
193,32,39,195.0,30.0,135,11745,1001,866
199,32,39,195.0,30.0,141,11751,1001,860
197,33,39,195.0,30.0,140,12110,1001,861
199,29,39,195.0,30.0,140,10668,1001,861
193,30,39,195.0,30.0,133,11023,1001,868
192,32,39,195.0,30.0,134,11744,1001,867
198,34,39,195.0,30.0,142,12472,1001,859
195,26,39,195.0,30.0,139,9581,1001,862
191,26,39,195.0,30.0,135,9577,1001,866
192,32,39,195.0,30.0,134,11744,1001,867
200,29,40,205.0,30.0,141,10669,1001,860
201,27,40,205.0,30.0,144,9948,1001,857
200,31,40,205.0,30.0,141,11391,286,145
206,30,40,205.0,30.0,146,11036,1001,855
200,27,40,205.0,30.0,143,9947,1001,858
205,28,40,205.0,30.0,147,10313,1001,854
209,29,40,205.0,30.0,150,10678,276,126
203,29,40,205.0,30.0,144,10672,1001,857
204,27,40,205.0,30.0,147,9951,292,145
201,30,40,205.0,30.0,141,11031,1001,860
217,28,41,215.0,30.0,159,10325,1001,842
214,29,41,215.0,30.0,155,10683,278,123
216,33,41,215.0,30.0,159,12129,1001,842
212,29,41,215.0,30.0,153,10681,1001,848
219,29,41,215.0,30.0,160,10688,1001,841
214,30,41,215.0,30.0,154,11044,294,140
212,30,41,215.0,30.0,152,11042,1001,849
214,25,41,215.0,30.0,159,9239,1001,842
218,33,41,215.0,30.0,161,12131,1001,840
216,34,41,215.0,30.0,160,12490,310,150
226,32,42,225.0,30.0,168,11778,305,137
221,31,42,225.0,30.0,162,11412,1001,839
221,27,42,225.0,30.0,164,9968,297,133
226,31,42,225.0,30.0,167,11417,310,143
221,31,42,225.0,30.0,162,11412,300,138
224,33,42,225.0,30.0,167,12137,312,145
222,30,42,225.0,30.0,162,11052,305,143
223,25,42,225.0,30.0,168,9248,291,123
220,34,42,225.0,30.0,164,12494,1001,837
226,25,42,225.0,30.0,171,9251,296,125
232,29,43,235.0,30.0,173,10701,294,121
233,34,43,235.0,30.0,177,12507,322,145
239,30,43,235.0,30.0,179,11069,307,128
234,26,43,235.0,30.0,178,9620,302,124
239,25,43,235.0,30.0,184,9264,302,118
237,32,43,235.0,30.0,179,11789,313,134
236,32,43,235.0,30.0,178,11788,341,163
234,31,43,235.0,30.0,175,11425,311,136
231,27,43,235.0,30.0,174,9978,303,129
239,32,43,235.0,30.0,181,11791,333,152
242,29,44,245.0,30.0,183,10711,319,136
246,33,44,245.0,30.0,189,12159,499,310
249,31,44,245.0,30.0,190,11440,322,132
244,27,44,245.0,30.0,187,9991,314,127
244,25,44,245.0,30.0,189,9269,1001,812
247,31,44,245.0,30.0,188,11438,328,140
246,34,44,245.0,30.0,190,12520,330,140
244,31,44,245.0,30.0,185,11435,335,150
242,32,44,245.0,30.0,184,11794,381,197
242,28,44,245.0,30.0,184,10350,339,155
251,26,45,255.0,30.0,195,9637,318,123
253,31,45,255.0,30.0,194,11444,368,174
251,28,45,255.0,30.0,193,10359,1001,808
256,25,45,255.0,30.0,201,9281,1001,800
257,30,45,255.0,30.0,197,11087,333,136
252,27,45,255.0,30.0,195,9999,354,159
256,33,45,255.0,30.0,199,12169,356,157
252,34,45,255.0,30.0,196,12526,350,154
251,29,45,255.0,30.0,192,10720,327,135
255,28,45,255.0,30.0,197,10363,335,138
264,27,46,265.0,30.0,207,10011,341,134
265,31,46,265.0,30.0,206,11456,376,170
264,28,46,265.0,30.0,206,10372,357,151
263,31,46,265.0,30.0,204,11454,408,204
265,32,46,265.0,30.0,207,11817,385,178
265,31,46,265.0,30.0,206,11456,355,149
264,25,46,265.0,30.0,209,9289,329,120
264,31,46,265.0,30.0,205,11455,344,139
266,30,46,265.0,30.0,206,11096,378,172
268,32,46,265.0,30.0,210,11820,357,147
272,33,47,275.0,30.0,215,12185,375,160
275,32,47,275.0,30.0,217,11827,376,159
275,33,47,275.0,30.0,218,12188,499,281
272,32,47,275.0,30.0,214,11824,385,171
271,27,47,275.0,30.0,214,10018,336,122
273,25,47,275.0,30.0,218,9298,354,136
276,25,47,275.0,30.0,221,9301,1001,780
275,26,47,275.0,30.0,219,9661,1001,782
273,30,47,275.0,30.0,213,11103,391,178
276,26,47,275.0,30.0,220,9662,1001,781
287,30,48,285.0,30.0,227,11117,383,156
286,28,48,285.0,30.0,228,10394,387,159
285,32,48,285.0,30.0,227,11837,362,135
288,32,48,285.0,30.0,230,11840,377,147
287,33,48,285.0,30.0,230,12200,389,159
284,28,48,285.0,30.0,226,10392,389,163
280,30,48,285.0,30.0,220,11110,360,140
287,30,48,285.0,30.0,227,11117,398,171
280,29,48,285.0,30.0,221,10749,395,174
280,32,48,285.0,30.0,222,11832,367,145
293,33,49,295.0,30.0,236,12206,451,215
291,29,49,295.0,30.0,232,10760,465,233
297,30,49,295.0,30.0,237,11127,1001,764
292,29,49,295.0,30.0,233,10761,413,180
297,26,49,295.0,30.0,241,9683,381,140
293,34,49,295.0,30.0,237,12567,398,161
295,33,49,295.0,30.0,238,12208,396,158
292,33,49,295.0,30.0,235,12205,379,144
299,33,49,295.0,30.0,242,12212,398,156
290,34,49,295.0,30.0,234,12564,384,150
309,27,50,305.0,30.0,252,10056,1001,749
302,33,50,305.0,30.0,245,12215,1001,756
307,30,50,305.0,30.0,247,11137,1001,754
309,27,50,305.0,30.0,252,10056,1001,749
301,26,50,305.0,30.0,245,9687,409,164
308,31,50,305.0,30.0,249,11499,1001,752
304,32,50,305.0,30.0,246,11856,1001,755
307,27,50,305.0,30.0,250,10054,1001,751
304,34,50,305.0,30.0,248,12578,1001,753
306,28,50,305.0,30.0,248,10414,1001,753
313,34,51,312.5,30.0,257,12587,1001,744
314,29,51,312.5,30.0,255,10783,431,176
310,32,51,312.5,30.0,252,11862,1001,749
312,29,51,312.5,30.0,253,10781,1001,748
312,29,51,312.5,30.0,253,10781,430,177
313,25,51,312.5,30.0,258,9338,421,163
312,33,51,312.5,30.0,255,12225,1001,746
312,31,51,312.5,30.0,253,11503,1001,748
310,28,51,312.5,30.0,252,10418,1001,749
313,32,51,312.5,30.0,255,11865,1001,746
63,44,52,65.0,40.0,17,15947,61,44
63,41,52,65.0,40.0,14,14864,67,53
61,36,52,65.0,40.0,7,13057,27,20
69,39,52,65.0,40.0,18,14148,25,7
64,42,52,65.0,40.0,16,15226,70,54
60,36,52,65.0,40.0,6,13056,31,25
64,37,52,65.0,40.0,11,13421,81,70
60,37,52,65.0,40.0,7,13417,48,41
69,42,52,65.0,40.0,21,15231,103,82
63,41,52,65.0,40.0,14,14864,75,61
70,35,53,75.0,40.0,15,12705,31,16
79,41,53,75.0,40.0,30,14880,84,54
74,38,53,75.0,40.0,22,13792,28,6
77,39,53,75.0,40.0,26,14156,41,15
77,41,53,75.0,40.0,28,14878,73,45
76,42,53,75.0,40.0,28,15238,79,51
71,44,53,75.0,40.0,25,15955,87,62
73,43,53,75.0,40.0,26,15596,86,60
74,35,53,75.0,40.0,19,12709,44,25
79,43,53,75.0,40.0,32,15602,85,53
87,40,54,85.0,40.0,37,14527,102,65
84,39,54,85.0,40.0,33,14163,43,10
85,37,54,85.0,40.0,32,13442,43,11
89,42,54,85.0,40.0,41,15251,94,53
84,38,54,85.0,40.0,32,13802,85,53
88,41,54,85.0,40.0,39,14889,221,182
82,44,54,85.0,40.0,36,15966,83,47
82,43,54,85.0,40.0,35,15605,90,55
84,35,54,85.0,40.0,29,12719,54,25
83,38,54,85.0,40.0,31,13801,81,50
93,42,55,95.0,40.0,45,15255,97,52
95,43,55,95.0,40.0,48,15618,99,51
94,38,55,95.0,40.0,42,13812,51,9
91,39,55,95.0,40.0,40,14170,86,46
90,38,55,95.0,40.0,38,13808,42,4
99,35,55,95.0,40.0,44,12734,64,20
98,43,55,95.0,40.0,51,15621,113,62
94,37,55,95.0,40.0,41,13451,63,22
96,43,55,95.0,40.0,49,15619,107,58
98,38,55,95.0,40.0,46,13816,73,27
107,37,56,105.0,40.0,54,13464,65,11
103,38,56,105.0,40.0,51,13821,68,17
104,39,56,105.0,40.0,53,14183,72,19
105,37,56,105.0,40.0,52,13462,73,21
108,42,56,105.0,40.0,60,15270,113,53
104,44,56,105.0,40.0,58,15988,106,48
109,40,56,105.0,40.0,59,14549,122,63
108,37,56,105.0,40.0,55,13465,72,17
101,42,56,105.0,40.0,53,15263,104,51
100,39,56,105.0,40.0,49,14179,111,62
112,40,57,115.0,40.0,62,14552,119,57
115,40,57,115.0,40.0,65,14555,141,76
116,42,57,115.0,40.0,68,15278,121,53
117,36,57,115.0,40.0,63,13113,73,10
110,40,57,115.0,40.0,60,14550,88,28
110,36,57,115.0,40.0,56,13106,71,15
114,35,57,115.0,40.0,59,12749,63,4
119,37,57,115.0,40.0,66,13476,96,30
111,37,57,115.0,40.0,58,13468,67,9
118,39,57,115.0,40.0,67,14197,82,15
120,36,58,125.0,40.0,66,13116,92,26
126,37,58,125.0,40.0,73,13483,101,28
125,39,58,125.0,40.0,74,14204,94,20
128,43,58,125.0,40.0,81,15651,132,51
123,39,58,125.0,40.0,72,14202,80,8
122,37,58,125.0,40.0,69,13479,107,38
120,41,58,125.0,40.0,71,14921,99,28
124,35,58,125.0,40.0,69,12759,119,50
127,37,58,125.0,40.0,74,13484,90,16
127,40,58,125.0,40.0,77,14567,145,68
130,43,59,135.0,40.0,83,15653,136,53
131,39,59,135.0,40.0,80,14210,98,18
131,40,59,135.0,40.0,81,14571,111,30
137,36,59,135.0,40.0,83,13133,124,41
136,43,59,135.0,40.0,89,15659,146,57
133,44,59,135.0,40.0,87,16017,139,52
133,39,59,135.0,40.0,82,14212,107,25
138,40,59,135.0,40.0,88,14578,104,16
138,35,59,135.0,40.0,83,12773,92,9
135,43,59,135.0,40.0,88,15658,145,57
149,42,60,145.0,40.0,101,15311,150,49
147,35,60,145.0,40.0,92,12782,124,32
143,40,60,145.0,40.0,93,14583,108,15
149,43,60,145.0,40.0,102,15672,206,104
147,39,60,145.0,40.0,96,14226,124,28
142,41,60,145.0,40.0,93,14943,168,75
149,38,60,145.0,40.0,97,13867,116,19
145,39,60,145.0,40.0,94,14224,116,22
146,36,60,145.0,40.0,92,13142,109,17
144,39,60,145.0,40.0,93,14223,103,10
154,38,61,155.0,40.0,102,13872,126,24
155,40,61,155.0,40.0,105,14595,176,71
152,40,61,155.0,40.0,102,14592,105,3
152,37,61,155.0,40.0,99,13509,114,15
152,42,61,155.0,40.0,104,15314,158,54
153,37,61,155.0,40.0,100,13510,141,41
159,41,61,155.0,40.0,110,14960,165,55
155,43,61,155.0,40.0,108,15678,170,62
154,38,61,155.0,40.0,102,13872,131,29
156,36,61,155.0,40.0,102,13152,151,49
163,40,62,165.0,40.0,113,14603,171,58
161,39,62,165.0,40.0,110,14240,158,48
163,43,62,165.0,40.0,116,15686,177,61
169,40,62,165.0,40.0,119,14609,169,50
167,44,62,165.0,40.0,121,16051,178,57
168,44,62,165.0,40.0,122,16052,188,66
166,39,62,165.0,40.0,115,14245,173,58
165,40,62,165.0,40.0,115,14605,184,69
165,40,62,165.0,40.0,115,14605,156,41
167,35,62,165.0,40.0,112,12802,199,87
176,41,63,175.0,40.0,127,14977,175,48
176,40,63,175.0,40.0,126,14616,175,49
172,38,63,175.0,40.0,120,13890,150,30
178,37,63,175.0,40.0,125,13535,152,27
179,36,63,175.0,40.0,125,13175,141,16
170,39,63,175.0,40.0,119,14249,130,11
176,37,63,175.0,40.0,123,13533,149,26
178,41,63,175.0,40.0,129,14979,188,59
175,37,63,175.0,40.0,122,13532,143,21
177,41,63,175.0,40.0,128,14978,163,35
187,38,64,185.0,40.0,135,13905,1001,866
187,44,64,185.0,40.0,141,16071,1001,860
182,39,64,185.0,40.0,131,14261,1001,870
189,42,64,185.0,40.0,141,15351,1001,860
188,35,64,185.0,40.0,133,12823,1001,868
183,37,64,185.0,40.0,130,13540,1001,871
186,37,64,185.0,40.0,133,13543,1001,868
186,44,64,185.0,40.0,140,16070,1001,861
181,38,64,185.0,40.0,129,13899,1001,872
180,41,64,185.0,40.0,131,14981,158,27
195,40,65,195.0,40.0,145,14635,1001,856
199,39,65,195.0,40.0,148,14278,1001,853
195,35,65,195.0,40.0,140,12830,1001,861
195,36,65,195.0,40.0,141,13191,1001,860
197,35,65,195.0,40.0,142,12832,1001,859
194,42,65,195.0,40.0,146,15356,1001,855
199,43,65,195.0,40.0,152,15722,1001,849
196,39,65,195.0,40.0,145,14275,1001,856
199,40,65,195.0,40.0,149,14639,1001,852
190,35,65,195.0,40.0,135,12825,1001,866
200,35,66,205.0,40.0,145,12835,1001,856
204,42,66,205.0,40.0,156,15366,1001,845
204,43,66,205.0,40.0,157,15727,1001,844
202,38,66,205.0,40.0,150,13920,1001,851
201,42,66,205.0,40.0,153,15363,1001,848
208,40,66,205.0,40.0,158,14648,1001,843
200,44,66,205.0,40.0,154,16084,1001,847
208,41,66,205.0,40.0,159,15009,1001,842
204,36,66,205.0,40.0,150,13200,1001,851
205,39,66,205.0,40.0,154,14284,1001,847
218,39,67,215.0,40.0,167,14297,1001,834
218,43,67,215.0,40.0,171,15741,1001,830
213,37,67,215.0,40.0,160,13570,1001,841
215,44,67,215.0,40.0,169,16099,1001,832
217,37,67,215.0,40.0,164,13574,1001,837
219,41,67,215.0,40.0,170,15020,311,141
213,38,67,215.0,40.0,161,13931,1001,840
211,39,67,215.0,40.0,160,14290,1001,841
212,43,67,215.0,40.0,165,15735,1001,836
214,44,67,215.0,40.0,168,16098,1001,833
225,36,68,225.0,40.0,171,13221,315,144
222,35,68,225.0,40.0,167,12857,1001,834
220,37,68,225.0,40.0,167,13577,1001,834
229,44,68,225.0,40.0,183,16113,1001,818
226,37,68,225.0,40.0,173,13583,326,153
224,39,68,225.0,40.0,173,14303,300,127
227,44,68,225.0,40.0,181,16111,1001,820
229,39,68,225.0,40.0,178,14308,324,146
227,40,68,225.0,40.0,177,14667,349,172
226,41,68,225.0,40.0,177,15027,1001,824
234,43,69,235.0,40.0,187,15757,341,154
232,38,69,235.0,40.0,180,13950,315,135
236,38,69,235.0,40.0,184,13954,350,166
234,38,69,235.0,40.0,182,13952,326,144
237,44,69,235.0,40.0,191,16121,327,136
237,42,69,235.0,40.0,189,15399,343,154
234,37,69,235.0,40.0,181,13591,333,152
235,36,69,235.0,40.0,181,13231,334,153
234,35,69,235.0,40.0,179,12869,309,130
233,39,69,235.0,40.0,182,14312,368,186
246,35,70,245.0,40.0,191,12881,329,138
242,37,70,245.0,40.0,189,13599,357,168
249,37,70,245.0,40.0,196,13606,330,134
248,35,70,245.0,40.0,193,12883,370,177
242,44,70,245.0,40.0,196,16126,347,151
241,36,70,245.0,40.0,187,13237,331,144
240,40,70,245.0,40.0,190,14680,351,161
247,38,70,245.0,40.0,195,13965,356,161
248,39,70,245.0,40.0,197,14327,350,153
246,38,70,245.0,40.0,194,13964,337,143
259,38,71,255.0,40.0,207,13977,360,153
255,38,71,255.0,40.0,203,13973,368,165
259,41,71,255.0,40.0,210,15060,359,149
251,39,71,255.0,40.0,200,14330,338,138
257,39,71,255.0,40.0,206,14336,365,159
250,39,71,255.0,40.0,199,14329,334,135
251,42,71,255.0,40.0,203,15413,351,148
254,37,71,255.0,40.0,201,13611,365,164
250,37,71,255.0,40.0,197,13607,332,135
254,40,71,255.0,40.0,204,14694,350,146
268,44,72,265.0,40.0,222,16152,388,166
266,37,72,265.0,40.0,213,13623,361,148
260,40,72,265.0,40.0,210,14700,388,178
261,38,72,265.0,40.0,209,13979,346,137
263,38,72,265.0,40.0,211,13981,352,141
263,40,72,265.0,40.0,213,14703,357,144
262,38,72,265.0,40.0,210,13980,361,151
268,42,72,265.0,40.0,220,15430,359,139
260,37,72,265.0,40.0,207,13617,337,130
265,37,72,265.0,40.0,212,13622,352,140
271,35,73,275.0,40.0,216,12906,365,149
276,40,73,275.0,40.0,226,14716,371,145
274,43,73,275.0,40.0,227,15797,379,152
275,39,73,275.0,40.0,224,14354,371,147
273,41,73,275.0,40.0,224,15074,364,140
272,44,73,275.0,40.0,226,16156,370,144
278,43,73,275.0,40.0,231,15801,382,151
279,37,73,275.0,40.0,226,13636,380,154
275,36,73,275.0,40.0,221,13271,370,149
273,39,73,275.0,40.0,222,14352,362,140
284,42,74,285.0,40.0,236,15446,396,160
285,41,74,285.0,40.0,236,15086,392,156
281,37,74,285.0,40.0,228,13638,375,147
281,43,74,285.0,40.0,234,15804,373,139
287,38,74,285.0,40.0,235,14005,385,150
280,37,74,285.0,40.0,227,13637,370,143
281,43,74,285.0,40.0,234,15804,382,148
280,38,74,285.0,40.0,228,13998,361,133
286,36,74,285.0,40.0,232,13282,377,145
285,36,74,285.0,40.0,231,13281,392,161
290,37,75,295.0,40.0,237,13647,380,143
292,37,75,295.0,40.0,239,13649,395,156
290,38,75,295.0,40.0,238,14008,380,142
296,35,75,295.0,40.0,241,12931,393,152
292,39,75,295.0,40.0,241,14371,411,170
293,43,75,295.0,40.0,246,15816,397,151
297,39,75,295.0,40.0,246,14376,390,144
298,36,75,295.0,40.0,244,13294,403,159
295,39,75,295.0,40.0,244,14374,397,153
298,35,75,295.0,40.0,243,12933,396,153
306,39,76,305.0,40.0,255,14385,409,154
301,40,76,305.0,40.0,251,14741,428,177
306,40,76,305.0,40.0,256,14746,401,145
304,41,76,305.0,40.0,255,15105,391,136
303,40,76,305.0,40.0,253,14743,395,142
303,43,76,305.0,40.0,256,15826,403,147
308,41,76,305.0,40.0,259,15109,414,155
307,36,76,305.0,40.0,253,13303,425,172
308,39,76,305.0,40.0,257,14387,396,139
304,42,76,305.0,40.0,256,15466,1001,745
312,35,77,312.5,40.0,257,12947,1001,744
313,40,77,312.5,40.0,263,14753,419,156
314,39,77,312.5,40.0,263,14393,1001,738
313,38,77,312.5,40.0,261,14031,410,149
311,43,77,312.5,40.0,264,15834,408,144
312,41,77,312.5,40.0,263,15113,424,161
312,35,77,312.5,40.0,257,12947,1001,744
313,44,77,312.5,40.0,267,16197,414,147
312,40,77,312.5,40.0,262,14752,1001,739
312,44,77,312.5,40.0,266,16196,424,158
