x,y,cell,cell_x,cell_y,opt_traj,point_id,steps_taken,extra_steps
69,24,0,65.0,20.0,15,8733,52,37
60,18,0,65.0,20.0,12,6558,27,15
65,17,0,65.0,20.0,18,6202,36,18
69,23,0,65.0,20.0,16,8372,37,21
60,22,0,65.0,20.0,8,8002,23,15
65,15,0,65.0,20.0,20,5480,101,81
61,23,0,65.0,20.0,8,8364,57,49
68,17,0,65.0,20.0,21,6205,63,42
68,22,0,65.0,20.0,16,8010,30,14
61,18,0,65.0,20.0,13,6559,28,15
79,18,1,75.0,20.0,31,6577,99,68
79,20,1,75.0,20.0,29,7299,57,28
78,16,1,75.0,20.0,32,5854,79,47
79,16,1,75.0,20.0,33,5855,67,34
71,19,1,75.0,20.0,22,6930,37,15
70,18,1,75.0,20.0,22,6568,48,26
70,23,1,75.0,20.0,17,8373,32,15
78,23,1,75.0,20.0,25,8381,97,72
78,22,1,75.0,20.0,26,8020,42,16
77,18,1,75.0,20.0,29,6575,158,129
84,17,2,85.0,20.0,37,6221,79,42
82,23,2,85.0,20.0,29,8385,107,78
82,18,2,85.0,20.0,34,6580,100,66
89,17,2,85.0,20.0,42,6226,94,52
84,21,2,85.0,20.0,33,7665,87,54
80,19,2,85.0,20.0,31,6939,71,40
82,24,2,85.0,20.0,28,8746,85,57
82,15,2,85.0,20.0,37,5497,133,96
81,18,2,85.0,20.0,33,6579,55,22
86,15,2,85.0,20.0,41,5501,123,82
90,19,3,95.0,20.0,41,6949,60,19
92,16,3,95.0,20.0,46,5868,90,44
97,24,3,95.0,20.0,43,8761,1001,958
92,20,3,95.0,20.0,42,7312,58,16
93,16,3,95.0,20.0,47,5869,105,58
93,16,3,95.0,20.0,47,5869,87,40
93,23,3,95.0,20.0,40,8396,105,65
93,16,3,95.0,20.0,47,5869,115,68
99,22,3,95.0,20.0,47,8041,1001,954
91,19,3,95.0,20.0,42,6950,86,44
101,23,4,105.0,20.0,48,8404,1001,953
109,24,4,105.0,20.0,55,8773,1001,946
101,23,4,105.0,20.0,48,8404,1001,953
108,21,4,105.0,20.0,57,7689,922,865
103,16,4,105.0,20.0,57,5879,248,191
102,23,4,105.0,20.0,49,8405,1001,952
102,16,4,105.0,20.0,56,5878,244,188
105,23,4,105.0,20.0,52,8408,231,179
108,17,4,105.0,20.0,61,6245,218,157
108,24,4,105.0,20.0,54,8772,280,226
111,17,5,115.0,20.0,64,6248,173,109
117,17,5,115.0,20.0,70,6254,193,123
112,17,5,115.0,20.0,65,6249,188,123
110,23,5,115.0,20.0,57,8413,198,141
112,23,5,115.0,20.0,59,8415,238,179
118,15,5,115.0,20.0,73,5533,342,269
110,17,5,115.0,20.0,63,6247,194,131
115,17,5,115.0,20.0,68,6252,196,128
112,17,5,115.0,20.0,65,6249,179,114
114,17,5,115.0,20.0,67,6251,263,196
128,19,6,125.0,20.0,79,6987,209,130
129,19,6,125.0,20.0,80,6988,236,156
127,23,6,125.0,20.0,74,8430,178,104
123,19,6,125.0,20.0,74,6982,233,159
127,20,6,125.0,20.0,77,7347,513,436
122,17,6,125.0,20.0,75,6259,202,127
121,23,6,125.0,20.0,68,8424,244,176
126,24,6,125.0,20.0,72,8790,226,154
120,20,6,125.0,20.0,70,7340,166,96
121,19,6,125.0,20.0,72,6980,192,120
132,16,7,135.0,20.0,86,5908,172,86
135,21,7,135.0,20.0,84,7716,303,219
139,24,7,135.0,20.0,85,8803,254,169
139,15,7,135.0,20.0,94,5554,254,160
137,21,7,135.0,20.0,86,7718,296,210
133,15,7,135.0,20.0,88,5548,306,218
130,23,7,135.0,20.0,77,8433,254,177
130,21,7,135.0,20.0,79,7711,244,165
136,17,7,135.0,20.0,89,6273,221,132
133,23,7,135.0,20.0,80,8436,211,131
145,15,8,145.0,20.0,100,5560,1001,901
140,15,8,145.0,20.0,95,5555,178,83
142,22,8,145.0,20.0,90,8084,310,220
148,22,8,145.0,20.0,96,8090,327,231
149,22,8,145.0,20.0,97,8091,350,253
146,18,8,145.0,20.0,98,6644,1001,903
145,15,8,145.0,20.0,100,5560,384,284
144,19,8,145.0,20.0,95,7003,393,298
140,21,8,145.0,20.0,89,7721,223,134
143,22,8,145.0,20.0,91,8085,283,192
158,22,9,155.0,20.0,106,8100,303,197
156,16,9,155.0,20.0,110,5932,1001,891
154,24,9,155.0,20.0,100,8818,353,253
157,21,9,155.0,20.0,106,7738,324,218
152,19,9,155.0,20.0,103,7011,274,171
156,22,9,155.0,20.0,104,8098,283,179
157,20,9,155.0,20.0,107,7377,530,423
157,19,9,155.0,20.0,108,7016,355,247
157,18,9,155.0,20.0,109,6655,1001,892
152,23,9,155.0,20.0,99,8455,300,201
166,18,10,165.0,20.0,118,6664,336,218
163,21,10,165.0,20.0,112,7744,288,176
162,17,10,165.0,20.0,115,6299,640,525
167,16,10,165.0,20.0,121,5943,1001,880
165,23,10,165.0,20.0,112,8468,294,182
167,24,10,165.0,20.0,113,8831,376,263
164,15,10,165.0,20.0,119,5579,1001,882
167,20,10,165.0,20.0,117,7387,373,256
169,21,10,165.0,20.0,118,7750,389,271
161,16,10,165.0,20.0,115,5937,1001,886
172,16,11,175.0,20.0,126,5948,1001,875
171,19,11,175.0,20.0,122,7030,398,276
171,22,11,175.0,20.0,119,8113,276,157
174,18,11,175.0,20.0,126,6672,325,199
178,18,11,175.0,20.0,130,6676,1001,871
178,15,11,175.0,20.0,133,5593,1001,868
177,20,11,175.0,20.0,127,7397,381,254
176,18,11,175.0,20.0,128,6674,288,160
178,24,11,175.0,20.0,124,8842,268,144
179,22,11,175.0,20.0,127,8121,379,252
185,17,12,185.0,20.0,138,6322,435,297
184,19,12,185.0,20.0,135,7043,353,218
187,21,12,185.0,20.0,136,7768,335,199
188,22,12,185.0,20.0,136,8130,317,181
184,21,12,185.0,20.0,133,7765,347,214
182,15,12,185.0,20.0,137,5597,729,592
187,24,12,185.0,20.0,133,8851,329,196
183,19,12,185.0,20.0,134,7042,374,240
182,20,12,185.0,20.0,132,7402,383,251
185,22,12,185.0,20.0,133,8127,337,204
190,24,13,195.0,20.0,136,8854,301,165
197,22,13,195.0,20.0,145,8139,352,207
195,21,13,195.0,20.0,144,7776,362,218
192,20,13,195.0,20.0,142,7412,320,178
197,16,13,195.0,20.0,151,5973,711,560
197,18,13,195.0,20.0,149,6695,731,582
194,17,13,195.0,20.0,147,6331,732,585
191,19,13,195.0,20.0,142,7050,347,205
198,22,13,195.0,20.0,146,8140,324,178
197,19,13,195.0,20.0,148,7056,744,596
203,19,14,205.0,20.0,154,7062,614,460
205,19,14,205.0,20.0,156,7064,369,213
208,24,14,205.0,20.0,154,8872,264,110
200,22,14,205.0,20.0,148,8142,347,199
204,20,14,205.0,20.0,154,7424,561,407
206,18,14,205.0,20.0,158,6704,720,562
201,23,14,205.0,20.0,148,8504,412,264
207,21,14,205.0,20.0,156,7788,739,583
206,20,14,205.0,20.0,156,7426,745,589
202,22,14,205.0,20.0,150,8144,327,177
218,16,15,215.0,20.0,172,5994,690,518
217,18,15,215.0,20.0,169,6715,706,537
215,17,15,215.0,20.0,168,6352,707,539
219,18,15,215.0,20.0,171,6717,720,549
216,16,15,215.0,20.0,170,5992,692,522
217,15,15,215.0,20.0,172,5632,698,526
218,19,15,215.0,20.0,169,7077,715,546
215,21,15,215.0,20.0,164,7796,749,585
215,24,15,215.0,20.0,161,8879,1001,840
212,19,15,215.0,20.0,163,7071,713,550
227,21,16,225.0,20.0,176,7808,555,379
227,23,16,225.0,20.0,174,8530,477,303
229,22,16,225.0,20.0,177,8171,440,263
224,21,16,225.0,20.0,173,7805,732,559
224,19,16,225.0,20.0,175,7083,697,522
224,15,16,225.0,20.0,179,5639,687,508
229,16,16,225.0,20.0,183,6005,408,225
229,22,16,225.0,20.0,177,8171,466,289
226,16,16,225.0,20.0,180,6002,682,502
229,23,16,225.0,20.0,176,8532,475,299
238,21,17,235.0,20.0,187,7819,436,249
236,16,17,235.0,20.0,190,6012,399,209
231,18,17,235.0,20.0,183,6729,557,374
237,22,17,235.0,20.0,185,8179,421,236
235,24,17,235.0,20.0,181,8899,491,310
233,17,17,235.0,20.0,186,6370,423,237
235,15,17,235.0,20.0,190,5650,402,212
238,22,17,235.0,20.0,186,8180,437,251
233,22,17,235.0,20.0,181,8175,439,258
239,22,17,235.0,20.0,187,8181,420,233
245,23,18,245.0,20.0,192,8548,418,226
246,17,18,245.0,20.0,199,6383,387,188
245,23,18,245.0,20.0,192,8548,424,232
247,23,18,245.0,20.0,194,8550,440,246
244,18,18,245.0,20.0,196,6742,404,208
248,16,18,245.0,20.0,202,6024,386,184
246,22,18,245.0,20.0,194,8188,439,245
243,24,18,245.0,20.0,189,8907,473,284
240,20,18,245.0,20.0,190,7460,431,241
244,22,18,245.0,20.0,192,8186,419,227
251,21,19,255.0,20.0,200,7832,398,198
257,19,19,255.0,20.0,208,7116,374,166
258,21,19,255.0,20.0,207,7839,421,214
252,17,19,255.0,20.0,205,6389,382,177
250,15,19,255.0,20.0,205,5665,395,190
252,16,19,255.0,20.0,206,6028,402,196
250,15,19,255.0,20.0,205,5665,386,181
259,15,19,255.0,20.0,214,5674,404,190
255,15,19,255.0,20.0,210,5670,417,207
253,20,19,255.0,20.0,203,7473,432,229
268,22,20,265.0,20.0,216,8210,397,181
268,19,20,265.0,20.0,219,7127,495,276
268,24,20,265.0,20.0,214,8932,470,256
265,23,20,265.0,20.0,212,8568,401,189
261,20,20,265.0,20.0,211,7481,369,158
269,18,20,265.0,20.0,221,6767,389,168
265,15,20,265.0,20.0,220,5680,446,226
260,22,20,265.0,20.0,208,8202,408,200
269,18,20,265.0,20.0,221,6767,430,209
260,15,20,265.0,20.0,215,5675,388,173
270,24,21,275.0,20.0,216,8934,462,246
271,20,21,275.0,20.0,221,7491,405,184
276,22,21,275.0,20.0,224,8218,438,214
274,20,21,275.0,20.0,224,7494,383,159
271,17,21,275.0,20.0,224,6408,382,158
272,17,21,275.0,20.0,225,6409,401,176
275,22,21,275.0,20.0,223,8217,381,158
272,15,21,275.0,20.0,227,5687,643,416
274,18,21,275.0,20.0,226,6772,399,173
278,24,21,275.0,20.0,224,8942,412,188
281,19,22,285.0,20.0,232,7140,391,159
284,20,22,285.0,20.0,234,7504,434,200
282,20,22,285.0,20.0,232,7502,433,201
280,15,22,285.0,20.0,235,5695,631,396
288,16,22,285.0,20.0,242,6064,401,159
286,21,22,285.0,20.0,235,7867,394,159
283,18,22,285.0,20.0,235,6781,394,159
286,23,22,285.0,20.0,233,8589,470,237
283,24,22,285.0,20.0,229,8947,432,203
282,19,22,285.0,20.0,233,7141,431,198
298,23,23,295.0,20.0,245,8601,567,322
296,19,23,295.0,20.0,247,7155,583,336
297,15,23,295.0,20.0,252,5712,554,302
295,22,23,295.0,20.0,243,8237,451,208
292,24,23,295.0,20.0,238,8956,566,328
294,23,23,295.0,20.0,241,8597,455,214
295,18,23,295.0,20.0,247,6793,588,341
299,20,23,295.0,20.0,249,7519,578,329
293,20,23,295.0,20.0,243,7513,545,302
296,20,23,295.0,20.0,246,7516,622,376
309,24,24,305.0,20.0,255,8973,1001,746
306,22,24,305.0,20.0,254,8248,584,330
307,22,24,305.0,20.0,255,8249,607,352
306,19,24,305.0,20.0,257,7165,615,358
307,21,24,305.0,20.0,256,7888,587,331
300,24,24,305.0,20.0,246,8964,580,334
303,24,24,305.0,20.0,249,8967,582,333
300,21,24,305.0,20.0,249,7881,551,302
303,21,24,305.0,20.0,252,7884,608,356
308,23,24,305.0,20.0,255,8611,575,320
311,24,25,312.5,20.0,257,8975,1001,744
311,24,25,312.5,20.0,257,8975,647,390
312,24,25,312.5,20.0,258,8976,616,358
312,19,25,312.5,20.0,263,7171,609,346
311,24,25,312.5,20.0,257,8975,1001,744
312,17,25,312.5,20.0,265,6449,1001,736
310,21,25,312.5,20.0,259,7891,588,329
314,23,25,312.5,20.0,261,8617,1001,740
313,19,25,312.5,20.0,264,7172,1001,737
310,23,25,312.5,20.0,257,8613,1001,744
68,31,26,65.0,30.0,9,11259,38,29
67,34,26,65.0,30.0,11,12341,27,16
66,31,26,65.0,30.0,7,11257,22,15
69,30,26,65.0,30.0,9,10899,56,47
65,34,26,65.0,30.0,9,12339,37,28
62,25,26,65.0,30.0,7,9087,67,60
64,26,26,65.0,30.0,8,9450,22,14
66,29,26,65.0,30.0,7,10535,36,29
61,26,26,65.0,30.0,5,9447,19,14
66,33,26,65.0,30.0,9,11979,36,27
73,34,27,75.0,30.0,17,12347,65,48
73,29,27,75.0,30.0,14,10542,75,61
72,30,27,75.0,30.0,12,10902,62,50
76,28,27,75.0,30.0,18,10184,231,213
71,31,27,75.0,30.0,12,11262,65,53
73,28,27,75.0,30.0,15,10181,237,222
73,34,27,75.0,30.0,17,12347,77,60
74,28,27,75.0,30.0,16,10182,73,57
78,29,27,75.0,30.0,19,10547,101,82
75,34,27,75.0,30.0,19,12349,88,69
84,31,28,85.0,30.0,25,11275,106,81
84,26,28,85.0,30.0,28,9470,137,109
83,26,28,85.0,30.0,27,9469,152,125
83,29,28,85.0,30.0,24,10552,119,95
88,27,28,85.0,30.0,31,9835,85,54
87,30,28,85.0,30.0,27,10917,134,107
87,27,28,85.0,30.0,30,9834,119,89
82,33,28,85.0,30.0,25,11995,67,42
88,28,28,85.0,30.0,30,10196,178,148
80,29,28,85.0,30.0,21,10549,111,90
91,31,29,95.0,30.0,32,11282,77,45
90,28,29,95.0,30.0,32,10198,1001,969
98,32,29,95.0,30.0,40,11650,1001,961
96,34,29,95.0,30.0,40,12370,176,136
99,28,29,95.0,30.0,41,10207,1001,960
95,29,29,95.0,30.0,36,10564,1001,965
91,30,29,95.0,30.0,31,10921,231,200
97,26,29,95.0,30.0,41,9483,1001,960
94,34,29,95.0,30.0,38,12368,1001,963
97,32,29,95.0,30.0,39,11649,187,148
103,32,30,105.0,30.0,45,11655,945,900
101,33,30,105.0,30.0,44,12014,950,906
103,31,30,105.0,30.0,44,11294,964,920
102,31,30,105.0,30.0,43,11293,977,934
100,32,30,105.0,30.0,42,11652,990,948
103,27,30,105.0,30.0,46,9850,982,936
100,31,30,105.0,30.0,41,11291,947,906
104,28,30,105.0,30.0,46,10212,938,892
102,25,30,105.0,30.0,47,9127,963,916
105,33,30,105.0,30.0,48,12018,962,914
119,27,31,115.0,30.0,62,9866,307,245
114,25,31,115.0,30.0,59,9139,188,129
118,29,31,115.0,30.0,59,10587,862,803
119,27,31,115.0,30.0,62,9866,198,136
114,31,31,115.0,30.0,55,11305,868,813
111,26,31,115.0,30.0,55,9497,304,249
113,32,31,115.0,30.0,55,11665,870,815
116,31,31,115.0,30.0,57,11307,873,816
113,26,31,115.0,30.0,57,9499,249,192
110,28,31,115.0,30.0,52,10218,952,900
120,25,32,125.0,30.0,65,9145,174,109
122,31,32,125.0,30.0,63,11313,859,796
122,26,32,125.0,30.0,66,9508,393,327
122,27,32,125.0,30.0,65,9869,1001,936
123,31,32,125.0,30.0,64,11314,877,813
127,32,32,125.0,30.0,69,11679,854,785
123,30,32,125.0,30.0,63,10953,880,817
120,32,32,125.0,30.0,62,11672,879,817
125,33,32,125.0,30.0,68,12038,871,803
121,34,32,125.0,30.0,65,12395,853,788
133,30,33,135.0,30.0,73,10963,898,825
130,33,33,135.0,30.0,73,12043,873,800
130,27,33,135.0,30.0,73,9877,217,144
137,25,33,135.0,30.0,82,9162,259,177
132,29,33,135.0,30.0,73,10601,223,150
138,33,33,135.0,30.0,81,12051,807,726
130,29,33,135.0,30.0,71,10599,215,144
139,25,33,135.0,30.0,84,9164,328,244
134,26,33,135.0,30.0,78,9520,255,177
135,33,33,135.0,30.0,78,12048,899,821
146,33,34,145.0,30.0,89,12059,799,710
144,32,34,145.0,30.0,86,11696,802,716
143,26,34,145.0,30.0,87,9529,198,111
140,34,34,145.0,30.0,84,12414,804,720
149,26,34,145.0,30.0,93,9535,260,167
143,33,34,145.0,30.0,86,12056,831,745
140,29,34,145.0,30.0,81,10609,813,732
144,33,34,145.0,30.0,87,12057,820,733
145,26,34,145.0,30.0,89,9531,321,232
147,34,34,145.0,30.0,91,12421,797,706
151,31,35,155.0,30.0,92,11342,850,758
159,29,35,155.0,30.0,100,10628,238,138
158,26,35,155.0,30.0,102,9544,240,138
153,25,35,155.0,30.0,98,9178,207,109
152,27,35,155.0,30.0,95,9899,256,161
152,28,35,155.0,30.0,94,10260,250,156
154,29,35,155.0,30.0,95,10623,241,146
151,29,35,155.0,30.0,92,10620,291,199
154,25,35,155.0,30.0,99,9179,209,110
153,27,35,155.0,30.0,96,9900,249,153
168,25,36,165.0,30.0,113,9193,345,232
168,32,36,165.0,30.0,110,11720,925,815
164,34,36,165.0,30.0,108,12438,799,691
165,33,36,165.0,30.0,108,12078,825,717
164,34,36,165.0,30.0,108,12438,836,728
168,32,36,165.0,30.0,110,11720,328,218
164,33,36,165.0,30.0,107,12077,806,699
162,33,36,165.0,30.0,105,12075,817,712
166,31,36,165.0,30.0,107,11357,855,748
165,33,36,165.0,30.0,108,12078,805,697
179,33,37,175.0,30.0,122,12092,247,125
179,27,37,175.0,30.0,122,9926,281,159
172,28,37,175.0,30.0,114,10280,230,116
171,32,37,175.0,30.0,113,11723,883,770
174,34,37,175.0,30.0,118,12448,767,649
174,31,37,175.0,30.0,115,11365,787,672
175,33,37,175.0,30.0,118,12088,754,636
172,33,37,175.0,30.0,115,12085,753,638
176,34,37,175.0,30.0,120,12450,753,633
175,27,37,175.0,30.0,118,9922,234,116
181,33,38,185.0,30.0,124,12094,264,140
187,27,38,185.0,30.0,130,9934,264,134
185,30,38,185.0,30.0,125,11015,260,135
183,26,38,185.0,30.0,127,9569,301,174
187,32,38,185.0,30.0,129,11739,265,136
180,29,38,185.0,30.0,121,10649,242,121
188,34,38,185.0,30.0,132,12462,257,125
189,31,38,185.0,30.0,130,11380,268,138
186,27,38,185.0,30.0,129,9933,303,174
182,26,38,185.0,30.0,126,9568,291,165
192,34,39,195.0,30.0,136,12466,379,243
193,29,39,195.0,30.0,134,10662,300,166
193,26,39,195.0,30.0,137,9579,375,238
195,32,39,195.0,30.0,137,11747,275,138
193,33,39,195.0,30.0,136,12106,303,167
191,27,39,195.0,30.0,134,9938,304,170
195,31,39,195.0,30.0,136,11386,448,312
191,29,39,195.0,30.0,132,10660,316,184
198,32,39,195.0,30.0,140,11750,297,157
193,26,39,195.0,30.0,137,9579,253,116
205,33,40,205.0,30.0,148,12118,300,152
204,27,40,205.0,30.0,147,9951,405,258
201,27,40,205.0,30.0,144,9948,1001,857
205,34,40,205.0,30.0,149,12479,333,184
209,31,40,205.0,30.0,150,11400,279,129
200,30,40,205.0,30.0,140,11030,263,123
207,30,40,205.0,30.0,147,11037,283,136
201,27,40,205.0,30.0,144,9948,307,163
209,27,40,205.0,30.0,152,9956,393,241
206,28,40,205.0,30.0,148,10314,334,186
218,33,41,215.0,30.0,161,12131,1001,840
219,30,41,215.0,30.0,159,11049,1001,842
212,29,41,215.0,30.0,153,10681,340,187
217,25,41,215.0,30.0,162,9242,1001,839
215,25,41,215.0,30.0,160,9240,1001,841
217,30,41,215.0,30.0,157,11047,1001,844
211,31,41,215.0,30.0,152,11402,295,143
213,27,41,215.0,30.0,156,9960,1001,845
218,31,41,215.0,30.0,159,11409,1001,842
218,25,41,215.0,30.0,163,9243,1001,838
222,28,42,225.0,30.0,164,10330,1001,837
229,32,42,225.0,30.0,171,11781,492,321
229,25,42,225.0,30.0,174,9254,443,269
223,34,42,225.0,30.0,167,12497,1001,834
228,27,42,225.0,30.0,171,9975,435,264
220,27,42,225.0,30.0,163,9967,1001,838
227,29,42,225.0,30.0,168,10696,436,268
222,30,42,225.0,30.0,162,11052,1001,839
226,26,42,225.0,30.0,170,9612,1001,831
224,25,42,225.0,30.0,169,9249,1001,832
231,31,43,235.0,30.0,172,11422,442,270
230,26,43,235.0,30.0,174,9616,480,306
230,34,43,235.0,30.0,174,12504,444,270
231,28,43,235.0,30.0,173,10339,439,266
231,32,43,235.0,30.0,173,11783,459,286
238,31,43,235.0,30.0,179,11429,466,287
237,30,43,235.0,30.0,177,11067,465,288
237,26,43,235.0,30.0,181,9623,444,263
239,26,43,235.0,30.0,183,9625,588,405
238,30,43,235.0,30.0,178,11068,472,294
241,32,44,245.0,30.0,183,11793,554,371
245,30,44,245.0,30.0,185,11075,499,314
245,31,44,245.0,30.0,186,11436,537,351
240,31,44,245.0,30.0,181,11431,514,333
243,31,44,245.0,30.0,184,11434,477,293
241,28,44,245.0,30.0,183,10349,1001,818
249,33,44,245.0,30.0,192,12162,533,341
243,26,44,245.0,30.0,187,9629,1001,814
243,31,44,245.0,30.0,184,11434,499,315
247,28,44,245.0,30.0,189,10355,559,370
258,32,45,255.0,30.0,200,11810,389,189
255,28,45,255.0,30.0,197,10363,1001,804
251,29,45,255.0,30.0,192,10720,500,308
254,34,45,255.0,30.0,198,12528,522,324
254,25,45,255.0,30.0,199,9279,539,340
253,28,45,255.0,30.0,195,10361,618,423
254,32,45,255.0,30.0,196,11806,600,404
251,30,45,255.0,30.0,191,11081,606,415
253,28,45,255.0,30.0,195,10361,1001,806
256,26,45,255.0,30.0,200,9642,412,212
268,26,46,265.0,30.0,212,9654,374,162
269,26,46,265.0,30.0,213,9655,408,195
260,31,46,265.0,30.0,201,11451,382,181
260,29,46,265.0,30.0,201,10729,395,194
265,25,46,265.0,30.0,210,9290,398,188
261,26,46,265.0,30.0,205,9647,396,191
266,28,46,265.0,30.0,208,10374,385,177
264,34,46,265.0,30.0,208,12538,376,168
269,28,46,265.0,30.0,211,10377,397,186
264,33,46,265.0,30.0,207,12177,411,204
275,32,47,275.0,30.0,217,11827,488,271
276,30,47,275.0,30.0,216,11106,424,208
271,30,47,275.0,30.0,211,11101,399,188
270,28,47,275.0,30.0,212,10378,369,157
271,25,47,275.0,30.0,216,9296,374,158
272,32,47,275.0,30.0,214,11824,486,272
272,34,47,275.0,30.0,216,12546,449,233
277,25,47,275.0,30.0,222,9302,422,200
271,34,47,275.0,30.0,215,12545,387,172
271,25,47,275.0,30.0,216,9296,411,195
286,26,48,285.0,30.0,230,9672,466,236
286,31,48,285.0,30.0,227,11477,595,368
281,31,48,285.0,30.0,222,11472,431,209
286,26,48,285.0,30.0,230,9672,386,156
285,25,48,285.0,30.0,230,9310,417,187
282,29,48,285.0,30.0,223,10751,498,275
283,31,48,285.0,30.0,224,11474,555,331
289,34,48,285.0,30.0,233,12563,503,270
289,31,48,285.0,30.0,230,11480,541,311
288,29,48,285.0,30.0,229,10757,495,266
299,33,49,295.0,30.0,242,12212,539,297
291,28,49,295.0,30.0,233,10399,567,334
293,30,49,295.0,30.0,233,11123,442,209
293,28,49,295.0,30.0,235,10401,550,315
298,31,49,295.0,30.0,239,11489,746,507
294,31,49,295.0,30.0,235,11485,585,350
295,26,49,295.0,30.0,239,9681,558,319
297,31,49,295.0,30.0,238,11488,564,326
290,32,49,295.0,30.0,232,11842,561,329
292,27,49,295.0,30.0,235,10039,443,208
300,33,50,305.0,30.0,243,12213,574,331
304,31,50,305.0,30.0,245,11495,618,373
300,28,50,305.0,30.0,242,10408,544,302
308,33,50,305.0,30.0,251,12221,1001,750
309,26,50,305.0,30.0,253,9695,1001,748
303,27,50,305.0,30.0,246,10050,573,327
300,32,50,305.0,30.0,242,11852,611,369
309,34,50,305.0,30.0,253,12583,587,334
304,26,50,305.0,30.0,248,9690,587,339
304,30,50,305.0,30.0,244,11134,558,314
313,34,51,312.5,30.0,257,12587,1001,744
314,32,51,312.5,30.0,256,11866,1001,745
311,32,51,312.5,30.0,253,11863,1001,748
312,30,51,312.5,30.0,252,11142,1001,749
312,29,51,312.5,30.0,253,10781,1001,748
313,25,51,312.5,30.0,258,9338,1001,743
310,30,51,312.5,30.0,250,11140,1001,751
312,27,51,312.5,30.0,255,10059,1001,746
311,33,51,312.5,30.0,254,12224,614,360
313,32,51,312.5,30.0,255,11865,675,420
60,37,52,65.0,40.0,7,13417,32,25
64,40,52,65.0,40.0,14,14504,40,26
63,44,52,65.0,40.0,17,15947,58,41
67,42,52,65.0,40.0,19,15229,103,84
68,41,52,65.0,40.0,19,14869,193,174
63,42,52,65.0,40.0,15,15225,66,51
66,42,52,65.0,40.0,18,15228,59,41
65,36,52,65.0,40.0,11,13061,14,3
64,35,52,65.0,40.0,9,12699,37,28
68,36,52,65.0,40.0,14,13064,42,28
76,41,53,75.0,40.0,27,14877,132,105
76,44,53,75.0,40.0,30,15960,138,108
71,39,53,75.0,40.0,20,14150,57,37
73,43,53,75.0,40.0,26,15596,92,66
73,38,53,75.0,40.0,21,13791,36,15
73,43,53,75.0,40.0,26,15596,82,56
78,44,53,75.0,40.0,32,15962,172,140
75,39,53,75.0,40.0,24,14154,67,43
77,43,53,75.0,40.0,30,15600,108,78
70,38,53,75.0,40.0,18,13788,42,24
86,40,54,85.0,40.0,36,14526,153,117
81,39,54,85.0,40.0,30,14160,158,128
86,38,54,85.0,40.0,34,13804,84,50
82,39,54,85.0,40.0,31,14161,116,85
83,38,54,85.0,40.0,31,13801,46,15
86,39,54,85.0,40.0,35,14165,413,378
80,37,54,85.0,40.0,27,13437,88,61
86,38,54,85.0,40.0,34,13804,61,27
85,38,54,85.0,40.0,33,13803,61,28
80,42,54,85.0,40.0,32,15242,128,96
99,41,55,95.0,40.0,50,14900,958,908
97,35,55,95.0,40.0,42,12732,1001,959
95,44,55,95.0,40.0,49,15979,150,101
91,35,55,95.0,40.0,36,12726,131,95
99,43,55,95.0,40.0,52,15622,983,931
98,35,55,95.0,40.0,43,12733,1001,958
96,39,55,95.0,40.0,45,14175,1001,956
92,42,55,95.0,40.0,44,15254,99,55
94,40,55,95.0,40.0,44,14534,1001,957
92,38,55,95.0,40.0,40,13810,43,3
106,35,56,105.0,40.0,51,12741,981,930
102,39,56,105.0,40.0,51,14181,971,920
100,41,56,105.0,40.0,51,14901,962,911
100,40,56,105.0,40.0,50,14540,970,920
102,43,56,105.0,40.0,55,15625,982,927
108,43,56,105.0,40.0,61,15631,995,934
104,44,56,105.0,40.0,58,15988,987,929
102,39,56,105.0,40.0,51,14181,974,923
100,43,56,105.0,40.0,53,15623,983,930
102,37,56,105.0,40.0,49,13459,982,933
119,36,57,115.0,40.0,65,13115,894,829
119,36,57,115.0,40.0,65,13115,891,826
119,36,57,115.0,40.0,65,13115,890,825
118,36,57,115.0,40.0,64,13114,884,820
117,41,57,115.0,40.0,68,14918,903,835
116,44,57,115.0,40.0,70,16000,887,817
111,38,57,115.0,40.0,59,13829,968,909
112,40,57,115.0,40.0,62,14552,879,817
114,38,57,115.0,40.0,62,13832,889,827
119,44,57,115.0,40.0,73,16003,906,833
122,35,58,125.0,40.0,67,12757,893,826
127,39,58,125.0,40.0,76,14206,862,786
121,39,58,125.0,40.0,70,14200,903,833
121,35,58,125.0,40.0,66,12756,867,801
128,35,58,125.0,40.0,73,12763,880,807
122,37,58,125.0,40.0,69,13479,891,822
125,37,58,125.0,40.0,72,13482,881,809
124,44,58,125.0,40.0,78,16008,923,845
126,44,58,125.0,40.0,80,16010,981,901
122,40,58,125.0,40.0,72,14562,886,814
139,40,59,135.0,40.0,89,14579,860,771
132,35,59,135.0,40.0,77,12767,899,822
133,41,59,135.0,40.0,84,14934,975,891
135,38,59,135.0,40.0,83,13853,835,752
139,40,59,135.0,40.0,89,14579,849,760
137,35,59,135.0,40.0,82,12772,877,795
130,36,59,135.0,40.0,76,13126,856,780
135,35,59,135.0,40.0,80,12770,853,773
133,43,59,135.0,40.0,86,15656,896,810
137,41,59,135.0,40.0,88,14938,830,742
148,43,60,145.0,40.0,101,15671,854,753
146,44,60,145.0,40.0,100,16030,860,760
149,38,60,145.0,40.0,97,13867,828,731
147,36,60,145.0,40.0,93,13143,811,718
141,37,60,145.0,40.0,88,13498,849,761
141,36,60,145.0,40.0,87,13137,819,732
146,39,60,145.0,40.0,95,14225,833,738
141,35,60,145.0,40.0,86,12776,847,761
149,42,60,145.0,40.0,101,15311,865,764
141,37,60,145.0,40.0,88,13498,838,750
157,37,61,155.0,40.0,104,13514,784,680
157,39,61,155.0,40.0,106,14236,796,690
156,38,61,155.0,40.0,104,13874,818,714
151,44,61,155.0,40.0,105,16035,875,770
154,44,61,155.0,40.0,108,16038,889,781
155,41,61,155.0,40.0,106,14956,835,729
158,38,61,155.0,40.0,106,13876,782,676
152,44,61,155.0,40.0,106,16036,838,732
159,41,61,155.0,40.0,110,14960,801,691
159,41,61,155.0,40.0,110,14960,797,687
162,44,62,165.0,40.0,116,16046,1001,885
164,41,62,165.0,40.0,115,14965,795,680
169,35,62,165.0,40.0,114,12804,1001,887
165,38,62,165.0,40.0,113,13883,782,669
167,37,62,165.0,40.0,114,13524,798,684
164,36,62,165.0,40.0,110,13160,784,674
162,42,62,165.0,40.0,114,15324,833,719
169,39,62,165.0,40.0,118,14248,783,665
164,37,62,165.0,40.0,111,13521,807,696
164,35,62,165.0,40.0,109,12799,790,681
170,44,63,175.0,40.0,124,16054,770,646
171,42,63,175.0,40.0,123,15333,780,657
172,37,63,175.0,40.0,119,13529,761,642
179,38,63,175.0,40.0,127,13897,284,157
177,37,63,175.0,40.0,124,13534,771,647
175,42,63,175.0,40.0,127,15337,769,642
174,36,63,175.0,40.0,120,13170,769,649
178,35,63,175.0,40.0,123,12813,267,144
174,39,63,175.0,40.0,123,14253,807,684
172,39,63,175.0,40.0,121,14251,781,660
185,42,64,185.0,40.0,137,15347,264,127
189,44,64,185.0,40.0,143,16073,283,140
188,39,64,185.0,40.0,137,14267,280,143
183,35,64,185.0,40.0,128,12818,267,139
189,37,64,185.0,40.0,136,13546,295,159
184,44,64,185.0,40.0,138,16068,265,127
186,36,64,185.0,40.0,132,13182,270,138
180,36,64,185.0,40.0,126,13176,268,142
185,37,64,185.0,40.0,132,13542,279,147
181,43,64,185.0,40.0,134,15704,832,698
194,39,65,195.0,40.0,143,14273,314,171
199,35,65,195.0,40.0,144,12834,1001,857
193,35,65,195.0,40.0,138,12828,324,186
190,38,65,195.0,40.0,138,13908,307,169
197,39,65,195.0,40.0,146,14276,302,156
197,40,65,195.0,40.0,147,14637,345,198
199,35,65,195.0,40.0,144,12834,1001,857
192,42,65,195.0,40.0,144,15354,271,127
192,40,65,195.0,40.0,142,14632,333,191
196,42,65,195.0,40.0,148,15358,427,279
209,44,66,205.0,40.0,163,16093,290,127
205,37,66,205.0,40.0,152,13562,680,528
204,36,66,205.0,40.0,150,13200,313,163
201,36,66,205.0,40.0,147,13197,288,141
208,42,66,205.0,40.0,160,15370,336,176
205,39,66,205.0,40.0,154,14284,331,177
204,43,66,205.0,40.0,157,15727,298,141
201,44,66,205.0,40.0,155,16085,282,127
205,42,66,205.0,40.0,157,15367,352,195
200,43,66,205.0,40.0,153,15723,313,160
212,37,67,215.0,40.0,159,13569,1001,842
217,42,67,215.0,40.0,169,15379,339,170
217,37,67,215.0,40.0,164,13574,1001,837
218,40,67,215.0,40.0,168,14658,365,197
216,43,67,215.0,40.0,169,15739,297,128
210,36,67,215.0,40.0,156,13206,296,140
210,37,67,215.0,40.0,157,13567,299,142
215,35,67,215.0,40.0,160,12850,1001,841
218,37,67,215.0,40.0,165,13575,1001,836
212,43,67,215.0,40.0,165,15735,292,127
228,40,68,225.0,40.0,178,14668,337,159
228,38,68,225.0,40.0,176,13946,1001,825
221,41,68,225.0,40.0,172,15022,408,236
221,37,68,225.0,40.0,168,13578,357,189
227,36,68,225.0,40.0,173,13223,1001,828
224,35,68,225.0,40.0,169,12859,1001,832
229,40,68,225.0,40.0,179,14669,383,204
226,41,68,225.0,40.0,177,15027,357,180
229,41,68,225.0,40.0,180,15030,364,184
228,40,68,225.0,40.0,178,14668,391,213
238,43,69,235.0,40.0,191,15761,319,128
239,42,69,235.0,40.0,191,15401,381,190
237,42,69,235.0,40.0,189,15399,373,184
230,38,69,235.0,40.0,178,13948,495,317
230,35,69,235.0,40.0,175,12865,488,313
231,35,69,235.0,40.0,176,12866,446,270
230,43,69,235.0,40.0,183,15753,311,128
237,38,69,235.0,40.0,185,13955,342,157
230,38,69,235.0,40.0,178,13948,363,185
232,36,69,235.0,40.0,178,13228,448,270
248,40,70,245.0,40.0,198,14688,422,224
248,40,70,245.0,40.0,198,14688,380,182
248,37,70,245.0,40.0,195,13605,486,291
245,36,70,245.0,40.0,191,13241,474,283
249,39,70,245.0,40.0,198,14328,343,145
249,41,70,245.0,40.0,200,15050,415,215
249,37,70,245.0,40.0,196,13606,467,271
242,41,70,245.0,40.0,193,15043,374,181
240,38,70,245.0,40.0,188,13958,482,294
241,38,70,245.0,40.0,189,13959,482,293
256,41,71,255.0,40.0,207,15057,429,222
250,35,71,255.0,40.0,195,12885,512,317
254,39,71,255.0,40.0,203,14333,362,159
258,44,71,255.0,40.0,212,16142,441,229
259,37,71,255.0,40.0,206,13616,356,150
258,42,71,255.0,40.0,210,15420,394,184
251,36,71,255.0,40.0,197,13247,498,301
253,38,71,255.0,40.0,201,13971,358,157
259,37,71,255.0,40.0,206,13616,381,175
253,41,71,255.0,40.0,204,15054,400,196
267,42,72,265.0,40.0,219,15429,439,220
266,43,72,265.0,40.0,219,15789,456,237
260,43,72,265.0,40.0,213,15783,341,128
263,36,72,265.0,40.0,209,13259,367,158
268,35,72,265.0,40.0,213,12903,369,156
264,44,72,265.0,40.0,218,16148,405,187
260,42,72,265.0,40.0,212,15422,462,250
260,41,72,265.0,40.0,211,15061,474,263
265,43,72,265.0,40.0,218,15788,444,226
260,44,72,265.0,40.0,214,16144,381,167
273,39,73,275.0,40.0,222,14352,386,164
278,40,73,275.0,40.0,228,14718,590,362
274,40,73,275.0,40.0,224,14714,1001,777
270,42,73,275.0,40.0,222,15432,392,170
270,40,73,275.0,40.0,220,14710,408,188
272,40,73,275.0,40.0,222,14712,425,203
278,36,73,275.0,40.0,224,13274,416,192
274,35,73,275.0,40.0,219,12909,366,147
277,43,73,275.0,40.0,230,15800,1001,771
273,35,73,275.0,40.0,218,12908,399,181
286,38,74,285.0,40.0,234,14004,455,221
280,40,74,285.0,40.0,230,14720,579,349
285,43,74,285.0,40.0,238,15808,588,350
286,41,74,285.0,40.0,237,15087,453,216
289,42,74,285.0,40.0,241,15451,536,295
289,44,74,285.0,40.0,243,16173,602,359
283,39,74,285.0,40.0,232,14362,473,241
281,36,74,285.0,40.0,227,13277,539,312
284,36,74,285.0,40.0,230,13280,533,303
285,36,74,285.0,40.0,231,13281,375,144
298,44,75,295.0,40.0,252,16182,541,289
292,42,75,295.0,40.0,244,15454,600,356
297,39,75,295.0,40.0,246,14376,543,297
294,36,75,295.0,40.0,240,13290,580,340
294,43,75,295.0,40.0,247,15817,545,298
295,40,75,295.0,40.0,245,14735,572,327
299,38,75,295.0,40.0,247,14017,587,340
290,38,75,295.0,40.0,238,14008,520,282
299,40,75,295.0,40.0,249,14739,521,272
292,38,75,295.0,40.0,240,14010,394,154
305,43,76,305.0,40.0,258,15828,545,287
306,39,76,305.0,40.0,255,14385,583,328
306,37,76,305.0,40.0,253,13663,586,333
303,42,76,305.0,40.0,255,15465,537,282
304,43,76,305.0,40.0,257,15827,543,286
303,42,76,305.0,40.0,255,15465,536,281
304,44,76,305.0,40.0,258,16188,540,282
301,40,76,305.0,40.0,251,14741,540,289
300,37,76,305.0,40.0,247,13657,621,374
304,39,76,305.0,40.0,253,14383,600,347
310,35,77,312.5,40.0,255,12945,640,385
313,44,77,312.5,40.0,267,16197,563,296
314,43,77,312.5,40.0,267,15837,546,279
313,42,77,312.5,40.0,265,15475,596,331
314,38,77,312.5,40.0,262,14032,1001,739
311,38,77,312.5,40.0,259,14029,1001,742
314,42,77,312.5,40.0,266,15476,1001,735
310,38,77,312.5,40.0,258,14028,1001,743
313,44,77,312.5,40.0,267,16197,571,304
310,39,77,312.5,40.0,259,14389,1001,742
