x,y,cell,cell_x,cell_y,opt_traj,point_id,steps_taken,extra_steps
64,18,0,65.0,20.0,16,6562,31,15
66,16,0,65.0,20.0,20,5842,50,30
62,18,0,65.0,20.0,14,6560,119,105
66,20,0,65.0,20.0,16,7286,67,51
63,19,0,65.0,20.0,14,6922,1001,987
65,20,0,65.0,20.0,15,7285,35,20
64,16,0,65.0,20.0,18,5840,1001,983
62,20,0,65.0,20.0,12,7282,27,15
63,16,0,65.0,20.0,17,5839,113,96
62,19,0,65.0,20.0,13,6921,66,53
77,23,1,75.0,20.0,24,8380,41,17
78,15,1,75.0,20.0,33,5493,58,25
75,20,1,75.0,20.0,25,7295,83,58
70,22,1,75.0,20.0,18,8012,66,48
72,23,1,75.0,20.0,19,8375,40,21
75,15,1,75.0,20.0,30,5490,68,38
77,21,1,75.0,20.0,26,7658,43,17
79,18,1,75.0,20.0,31,6577,234,203
79,16,1,75.0,20.0,33,5855,65,32
77,23,1,75.0,20.0,24,8380,66,42
89,19,2,85.0,20.0,40,6948,87,47
87,23,2,85.0,20.0,34,8390,1001,967
81,20,2,85.0,20.0,31,7301,50,19
82,24,2,85.0,20.0,28,8746,73,45
86,24,2,85.0,20.0,32,8750,112,80
87,16,2,85.0,20.0,41,5863,61,20
87,24,2,85.0,20.0,33,8751,52,19
88,15,2,85.0,20.0,43,5503,139,96
81,16,2,85.0,20.0,35,5857,69,34
84,23,2,85.0,20.0,31,8387,195,164
92,23,3,95.0,20.0,39,8395,75,36
97,23,3,95.0,20.0,44,8400,74,30
99,18,3,95.0,20.0,51,6597,74,23
96,23,3,95.0,20.0,43,8399,133,90
94,15,3,95.0,20.0,49,5509,80,31
99,21,3,95.0,20.0,48,7680,151,103
95,16,3,95.0,20.0,49,5871,95,46
98,23,3,95.0,20.0,45,8401,144,99
97,20,3,95.0,20.0,47,7317,103,56
93,15,3,95.0,20.0,48,5508,132,84
103,15,4,105.0,20.0,58,5518,99,41
102,17,4,105.0,20.0,55,6239,1001,946
101,24,4,105.0,20.0,47,8765,78,31
107,18,4,105.0,20.0,59,6605,84,25
101,16,4,105.0,20.0,55,5877,102,47
105,19,4,105.0,20.0,56,6964,108,52
108,22,4,105.0,20.0,56,8050,111,55
107,24,4,105.0,20.0,53,8771,86,33
109,23,4,105.0,20.0,56,8412,1001,945
105,18,4,105.0,20.0,57,6603,124,67
113,20,5,115.0,20.0,63,7333,137,74
118,23,5,115.0,20.0,65,8421,107,42
113,22,5,115.0,20.0,61,8055,159,98
116,20,5,115.0,20.0,66,7336,165,99
119,17,5,115.0,20.0,72,6256,133,61
118,19,5,115.0,20.0,69,6977,102,33
110,21,5,115.0,20.0,59,7691,167,108
119,19,5,115.0,20.0,70,6978,142,72
112,19,5,115.0,20.0,63,6971,84,21
115,24,5,115.0,20.0,61,8779,128,67
124,15,6,125.0,20.0,79,5539,116,37
124,18,6,125.0,20.0,76,6622,111,35
120,23,6,125.0,20.0,67,8423,1001,934
123,21,6,125.0,20.0,72,7704,159,87
120,16,6,125.0,20.0,74,5896,99,25
120,18,6,125.0,20.0,72,6618,220,148
124,20,6,125.0,20.0,74,7344,115,41
128,15,6,125.0,20.0,83,5543,175,92
122,20,6,125.0,20.0,72,7342,130,58
120,24,6,125.0,20.0,66,8784,95,29
134,20,7,135.0,20.0,84,7354,152,68
136,20,7,135.0,20.0,86,7356,129,43
135,20,7,135.0,20.0,85,7355,103,18
130,18,7,135.0,20.0,82,6628,1001,919
132,19,7,135.0,20.0,83,6991,120,37
137,19,7,135.0,20.0,88,6996,112,24
134,15,7,135.0,20.0,89,5549,138,49
137,19,7,135.0,20.0,88,6996,146,58
137,20,7,135.0,20.0,87,7357,124,37
136,24,7,135.0,20.0,82,8800,118,36
144,23,8,145.0,20.0,91,8447,136,45
144,24,8,145.0,20.0,90,8808,208,118
140,15,8,145.0,20.0,95,5555,219,124
149,23,8,145.0,20.0,96,8452,140,44
145,24,8,145.0,20.0,91,8809,128,37
147,20,8,145.0,20.0,97,7367,143,46
141,24,8,145.0,20.0,87,8805,149,62
142,16,8,145.0,20.0,96,5918,139,43
146,16,8,145.0,20.0,100,5922,134,34
140,17,8,145.0,20.0,93,6277,294,201
157,17,9,155.0,20.0,110,6294,192,82
155,15,9,155.0,20.0,110,5570,218,108
156,21,9,155.0,20.0,105,7737,151,46
156,21,9,155.0,20.0,105,7737,189,84
158,23,9,155.0,20.0,105,8461,267,162
151,20,9,155.0,20.0,101,7371,137,36
158,15,9,155.0,20.0,113,5573,178,65
150,15,9,155.0,20.0,105,5565,155,50
152,21,9,155.0,20.0,101,7733,137,36
158,22,9,155.0,20.0,106,8100,140,34
164,19,10,165.0,20.0,115,7023,157,42
162,15,10,165.0,20.0,117,5577,162,45
165,18,10,165.0,20.0,117,6663,170,53
161,23,10,165.0,20.0,108,8464,156,48
163,21,10,165.0,20.0,112,7744,161,49
160,20,10,165.0,20.0,110,7380,248,138
161,18,10,165.0,20.0,113,6659,148,35
161,23,10,165.0,20.0,108,8464,130,22
167,23,10,165.0,20.0,114,8470,156,42
167,16,10,165.0,20.0,121,5943,241,120
179,22,11,175.0,20.0,127,8121,1001,874
170,16,11,175.0,20.0,124,5946,220,96
172,23,11,175.0,20.0,119,8475,203,84
178,24,11,175.0,20.0,124,8842,260,136
177,15,11,175.0,20.0,132,5592,218,86
171,24,11,175.0,20.0,117,8835,256,139
177,20,11,175.0,20.0,127,7397,163,36
173,22,11,175.0,20.0,121,8115,160,39
178,18,11,175.0,20.0,130,6676,168,38
173,21,11,175.0,20.0,122,7754,162,40
189,18,12,185.0,20.0,141,6687,1001,860
185,24,12,185.0,20.0,131,8849,1001,870
181,20,12,185.0,20.0,131,7401,1001,870
188,17,12,185.0,20.0,141,6325,244,103
188,21,12,185.0,20.0,137,7769,1001,864
182,22,12,185.0,20.0,130,8124,1001,871
189,24,12,185.0,20.0,135,8853,1001,866
187,22,12,185.0,20.0,135,8129,1001,866
180,20,12,185.0,20.0,130,7400,196,66
185,19,12,185.0,20.0,136,7044,1001,865
194,20,13,195.0,20.0,144,7414,1001,857
192,15,13,195.0,20.0,147,5607,1001,854
191,18,13,195.0,20.0,143,6689,1001,858
193,15,13,195.0,20.0,148,5608,1001,853
192,17,13,195.0,20.0,145,6329,1001,856
190,20,13,195.0,20.0,140,7410,1001,861
190,15,13,195.0,20.0,145,5605,1001,856
192,20,13,195.0,20.0,142,7412,1001,859
194,19,13,195.0,20.0,145,7053,1001,856
192,22,13,195.0,20.0,140,8134,1001,861
200,22,14,205.0,20.0,148,8142,1001,853
209,17,14,205.0,20.0,162,6346,275,113
202,17,14,205.0,20.0,155,6339,1001,846
204,16,14,205.0,20.0,158,5980,1001,843
209,24,14,205.0,20.0,155,8873,1001,846
200,23,14,205.0,20.0,147,8503,1001,854
203,24,14,205.0,20.0,149,8867,1001,852
201,15,14,205.0,20.0,156,5616,1001,845
203,24,14,205.0,20.0,149,8867,1001,852
207,21,14,205.0,20.0,156,7788,297,141
218,23,15,215.0,20.0,165,8521,1001,836
219,18,15,215.0,20.0,171,6717,1001,830
218,16,15,215.0,20.0,172,5994,279,107
214,15,15,215.0,20.0,169,5629,1001,832
212,21,15,215.0,20.0,161,7793,1001,840
214,16,15,215.0,20.0,168,5990,1001,833
218,15,15,215.0,20.0,173,5633,264,91
216,20,15,215.0,20.0,166,7436,324,158
212,17,15,215.0,20.0,165,6349,1001,836
219,21,15,215.0,20.0,168,7800,1001,833
221,18,16,225.0,20.0,173,6719,1001,828
222,18,16,225.0,20.0,174,6720,1001,827
221,23,16,225.0,20.0,168,8524,1001,833
222,16,16,225.0,20.0,176,5998,1001,825
227,20,16,225.0,20.0,177,7447,320,143
221,23,16,225.0,20.0,168,8524,285,117
224,22,16,225.0,20.0,172,8166,288,116
226,16,16,225.0,20.0,180,6002,1001,821
226,16,16,225.0,20.0,180,6002,276,96
227,15,16,225.0,20.0,182,5642,1001,819
231,21,17,235.0,20.0,180,7812,1001,821
234,23,17,235.0,20.0,181,8537,1001,820
236,24,17,235.0,20.0,182,8900,1001,819
230,15,17,235.0,20.0,185,5645,1001,816
233,17,17,235.0,20.0,186,6370,1001,815
232,15,17,235.0,20.0,187,5647,1001,814
231,23,17,235.0,20.0,178,8534,1001,823
235,19,17,235.0,20.0,186,7094,1001,815
232,21,17,235.0,20.0,181,7813,1001,820
230,15,17,235.0,20.0,185,5645,1001,816
248,19,18,245.0,20.0,199,7107,1001,802
241,15,18,245.0,20.0,196,5656,1001,805
248,18,18,245.0,20.0,200,6746,1001,801
248,16,18,245.0,20.0,202,6024,1001,799
248,18,18,245.0,20.0,200,6746,1001,801
248,21,18,245.0,20.0,197,7829,1001,804
247,23,18,245.0,20.0,194,8550,1001,807
246,18,18,245.0,20.0,198,6744,1001,803
242,20,18,245.0,20.0,192,7462,1001,809
245,21,18,245.0,20.0,194,7826,1001,807
254,15,19,255.0,20.0,209,5669,1001,792
257,15,19,255.0,20.0,212,5672,1001,789
253,21,19,255.0,20.0,202,7834,317,115
259,19,19,255.0,20.0,210,7118,1001,791
251,16,19,255.0,20.0,205,6027,1001,796
259,18,19,255.0,20.0,211,6757,1001,790
252,17,19,255.0,20.0,205,6389,338,133
250,22,19,255.0,20.0,198,8192,1001,803
254,23,19,255.0,20.0,201,8557,1001,800
253,20,19,255.0,20.0,203,7473,1001,798
260,24,20,265.0,20.0,206,8924,1001,795
263,21,20,265.0,20.0,212,7844,1001,789
267,22,20,265.0,20.0,215,8209,1001,786
262,19,20,265.0,20.0,213,7121,1001,788
263,16,20,265.0,20.0,217,6039,384,167
267,20,20,265.0,20.0,217,7487,1001,784
261,22,20,265.0,20.0,209,8203,1001,792
263,23,20,265.0,20.0,210,8566,1001,791
260,20,20,265.0,20.0,210,7480,1001,791
265,18,20,265.0,20.0,217,6763,1001,784
277,22,21,275.0,20.0,225,8219,1001,776
275,19,21,275.0,20.0,226,7134,355,129
277,20,21,275.0,20.0,227,7497,1001,774
277,23,21,275.0,20.0,224,8580,1001,777
274,16,21,275.0,20.0,228,6050,1001,773
278,22,21,275.0,20.0,226,8220,356,130
271,19,21,275.0,20.0,222,7130,1001,779
274,17,21,275.0,20.0,227,6411,1001,774
276,23,21,275.0,20.0,223,8579,1001,778
277,15,21,275.0,20.0,232,5692,1001,769
286,17,22,285.0,20.0,239,6423,423,184
281,20,22,285.0,20.0,231,7501,377,146
283,20,22,285.0,20.0,233,7503,365,132
289,19,22,285.0,20.0,240,7148,386,146
283,23,22,285.0,20.0,230,8586,1001,771
280,23,22,285.0,20.0,227,8583,1001,774
287,17,22,285.0,20.0,240,6424,395,155
280,19,22,285.0,20.0,231,7139,359,128
288,20,22,285.0,20.0,238,7508,421,183
289,24,22,285.0,20.0,235,8953,404,169
295,17,23,295.0,20.0,248,6432,1001,753
296,22,23,295.0,20.0,244,8238,1001,757
297,20,23,295.0,20.0,247,7517,373,126
298,19,23,295.0,20.0,249,7157,464,215
297,24,23,295.0,20.0,243,8961,373,130
295,24,23,295.0,20.0,241,8959,1001,760
296,22,23,295.0,20.0,244,8238,1001,757
294,18,23,295.0,20.0,246,6792,382,136
299,16,23,295.0,20.0,253,6075,1001,748
298,18,23,295.0,20.0,250,6796,376,126
307,20,24,305.0,20.0,257,7527,1001,744
306,23,24,305.0,20.0,253,8609,1001,748
306,22,24,305.0,20.0,254,8248,1001,747
302,20,24,305.0,20.0,252,7522,435,183
301,20,24,305.0,20.0,251,7521,448,197
302,19,24,305.0,20.0,253,7161,1001,748
309,22,24,305.0,20.0,257,8251,1001,744
309,23,24,305.0,20.0,256,8612,1001,745
309,16,24,305.0,20.0,263,6085,453,190
307,21,24,305.0,20.0,256,7888,1001,745
312,24,25,312.5,20.0,258,8976,1001,743
311,21,25,312.5,20.0,260,7892,1001,741
310,18,25,312.5,20.0,262,6808,1001,739
312,17,25,312.5,20.0,265,6449,450,185
314,18,25,312.5,20.0,266,6812,534,268
312,18,25,312.5,20.0,264,6810,1001,737
312,18,25,312.5,20.0,264,6810,461,197
312,16,25,312.5,20.0,266,6088,1001,735
311,15,25,312.5,20.0,266,5726,488,222
314,18,25,312.5,20.0,266,6812,445,179
66,31,26,65.0,30.0,7,11257,28,21
63,30,26,65.0,30.0,3,10893,36,33
69,29,26,65.0,30.0,10,10538,37,27
67,31,26,65.0,30.0,8,11258,38,30
68,34,26,65.0,30.0,12,12342,24,12
65,33,26,65.0,30.0,8,11978,31,23
63,29,26,65.0,30.0,4,10532,80,76
66,30,26,65.0,30.0,6,10896,32,26
66,34,26,65.0,30.0,10,12340,16,6
68,27,26,65.0,30.0,11,9815,80,69
72,28,27,75.0,30.0,14,10180,35,21
76,29,27,75.0,30.0,17,10545,24,7
73,30,27,75.0,30.0,13,10903,16,3
72,29,27,75.0,30.0,13,10541,61,48
73,27,27,75.0,30.0,16,9820,51,35
73,29,27,75.0,30.0,14,10542,23,9
71,27,27,75.0,30.0,14,9818,52,38
73,28,27,75.0,30.0,15,10181,61,46
74,34,27,75.0,30.0,18,12348,35,17
75,26,27,75.0,30.0,19,9461,44,25
84,33,28,85.0,30.0,27,11997,47,20
86,34,28,85.0,30.0,30,12360,54,24
80,26,28,85.0,30.0,24,9466,66,42
81,25,28,85.0,30.0,26,9106,58,32
81,30,28,85.0,30.0,21,10911,32,11
87,32,28,85.0,30.0,29,11639,55,26
86,28,28,85.0,30.0,28,10194,71,43
83,26,28,85.0,30.0,27,9469,100,73
80,31,28,85.0,30.0,21,11271,55,34
83,32,28,85.0,30.0,25,11635,39,14
90,33,29,95.0,30.0,33,12003,50,17
96,30,29,95.0,30.0,36,10926,165,129
94,26,29,95.0,30.0,38,9480,113,75
97,33,29,95.0,30.0,40,12010,55,15
94,28,29,95.0,30.0,36,10202,138,102
94,31,29,95.0,30.0,35,11285,76,41
92,31,29,95.0,30.0,33,11283,36,3
97,29,29,95.0,30.0,38,10566,87,49
99,25,29,95.0,30.0,44,9124,80,36
97,31,29,95.0,30.0,38,11288,47,9
106,27,30,105.0,30.0,49,9853,104,55
105,29,30,105.0,30.0,46,10574,72,26
104,25,30,105.0,30.0,49,9129,87,38
102,29,30,105.0,30.0,43,10571,70,27
109,26,30,105.0,30.0,53,9495,103,50
102,27,30,105.0,30.0,45,9849,1001,956
107,33,30,105.0,30.0,50,12020,66,16
108,25,30,105.0,30.0,53,9133,95,42
101,30,30,105.0,30.0,41,10931,60,19
104,28,30,105.0,30.0,46,10212,94,48
118,34,31,115.0,30.0,62,12392,101,39
119,29,31,115.0,30.0,60,10588,121,61
111,27,31,115.0,30.0,54,9858,87,33
114,31,31,115.0,30.0,55,11305,136,81
119,28,31,115.0,30.0,61,10227,136,75
112,33,31,115.0,30.0,55,12025,85,30
112,30,31,115.0,30.0,52,10942,113,61
111,34,31,115.0,30.0,55,12385,86,31
115,28,31,115.0,30.0,57,10223,94,37
113,28,31,115.0,30.0,55,10221,82,27
128,30,32,125.0,30.0,68,10958,121,53
121,27,32,125.0,30.0,64,9868,102,38
121,33,32,125.0,30.0,64,12034,98,34
126,26,32,125.0,30.0,70,9512,1001,931
123,34,32,125.0,30.0,67,12397,92,25
120,27,32,125.0,30.0,63,9867,106,43
127,31,32,125.0,30.0,68,11318,146,78
121,25,32,125.0,30.0,66,9146,125,59
127,27,32,125.0,30.0,70,9874,1001,931
128,30,32,125.0,30.0,68,10958,162,94
138,30,33,135.0,30.0,78,10968,1001,923
136,27,33,135.0,30.0,79,9883,136,57
134,26,33,135.0,30.0,78,9520,97,19
132,26,33,135.0,30.0,76,9518,102,26
139,28,33,135.0,30.0,81,10247,145,64
137,33,33,135.0,30.0,80,12050,122,42
136,33,33,135.0,30.0,79,12049,102,23
135,26,33,135.0,30.0,79,9521,162,83
139,27,33,135.0,30.0,82,9886,131,49
130,29,33,135.0,30.0,71,10599,175,104
140,34,34,145.0,30.0,84,12414,131,47
143,33,34,145.0,30.0,86,12056,106,20
147,25,34,145.0,30.0,92,9172,126,34
141,34,34,145.0,30.0,85,12415,112,27
149,33,34,145.0,30.0,92,12062,140,48
140,30,34,145.0,30.0,80,10970,1001,921
144,28,34,145.0,30.0,86,10252,124,38
147,31,34,145.0,30.0,88,11338,189,101
146,26,34,145.0,30.0,90,9532,246,156
143,25,34,145.0,30.0,88,9168,131,43
158,26,35,155.0,30.0,102,9544,209,107
156,27,35,155.0,30.0,99,9903,192,93
153,26,35,155.0,30.0,97,9539,138,41
150,26,35,155.0,30.0,94,9536,168,74
159,27,35,155.0,30.0,102,9906,175,73
157,28,35,155.0,30.0,99,10265,164,65
157,28,35,155.0,30.0,99,10265,196,97
158,33,35,155.0,30.0,101,12071,143,42
150,32,35,155.0,30.0,92,11702,151,59
157,31,35,155.0,30.0,98,11348,166,68
163,27,36,165.0,30.0,106,9910,159,53
169,26,36,165.0,30.0,113,9555,250,137
162,25,36,165.0,30.0,107,9187,244,137
167,28,36,165.0,30.0,109,10275,210,101
169,28,36,165.0,30.0,111,10277,1001,890
168,31,36,165.0,30.0,109,11359,1001,892
162,29,36,165.0,30.0,103,10631,1001,898
161,27,36,165.0,30.0,104,9908,214,110
167,30,36,165.0,30.0,107,10997,248,141
169,32,36,165.0,30.0,111,11721,130,19
171,30,37,175.0,30.0,111,11001,309,198
174,32,37,175.0,30.0,116,11726,170,54
171,29,37,175.0,30.0,112,10640,158,46
176,26,37,175.0,30.0,120,9562,197,77
171,26,37,175.0,30.0,115,9557,205,90
174,32,37,175.0,30.0,116,11726,172,56
177,27,37,175.0,30.0,120,9924,149,29
176,28,37,175.0,30.0,118,10284,174,56
171,34,37,175.0,30.0,115,12445,145,30
172,26,37,175.0,30.0,116,9558,1001,885
181,34,38,185.0,30.0,125,12455,1001,876
189,28,38,185.0,30.0,131,10297,1001,870
180,28,38,185.0,30.0,122,10288,168,46
181,34,38,185.0,30.0,125,12455,221,96
187,26,38,185.0,30.0,131,9573,1001,870
183,25,38,185.0,30.0,128,9208,1001,873
184,29,38,185.0,30.0,125,10653,1001,876
184,27,38,185.0,30.0,127,9931,1001,874
184,27,38,185.0,30.0,127,9931,1001,874
186,29,38,185.0,30.0,127,10655,1001,874
191,31,39,195.0,30.0,132,11382,1001,869
196,31,39,195.0,30.0,137,11387,1001,864
190,27,39,195.0,30.0,133,9937,1001,868
199,27,39,195.0,30.0,142,9946,1001,859
193,34,39,195.0,30.0,137,12467,1001,864
193,25,39,195.0,30.0,138,9218,1001,863
195,28,39,195.0,30.0,137,10303,1001,864
196,32,39,195.0,30.0,138,11748,1001,863
195,32,39,195.0,30.0,137,11747,1001,864
195,34,39,195.0,30.0,139,12469,1001,862
204,26,40,205.0,30.0,148,9590,322,174
202,30,40,205.0,30.0,142,11032,1001,859
208,32,40,205.0,30.0,150,11760,1001,851
207,28,40,205.0,30.0,149,10315,356,207
208,30,40,205.0,30.0,148,11038,1001,853
206,34,40,205.0,30.0,150,12480,1001,851
209,25,40,205.0,30.0,154,9234,1001,847
203,33,40,205.0,30.0,146,12116,1001,855
204,30,40,205.0,30.0,144,11034,1001,857
202,28,40,205.0,30.0,144,10310,1001,857
213,34,41,215.0,30.0,157,12487,301,144
218,25,41,215.0,30.0,163,9243,1001,838
215,32,41,215.0,30.0,157,11767,1001,844
212,25,41,215.0,30.0,157,9237,1001,844
219,25,41,215.0,30.0,164,9244,1001,837
210,29,41,215.0,30.0,151,10679,1001,850
216,34,41,215.0,30.0,160,12490,1001,841
210,31,41,215.0,30.0,151,11401,1001,850
216,32,41,215.0,30.0,158,11768,1001,843
219,34,41,215.0,30.0,163,12493,1001,838
228,25,42,225.0,30.0,173,9253,1001,828
225,32,42,225.0,30.0,167,11777,1001,834
224,28,42,225.0,30.0,166,10332,1001,835
225,34,42,225.0,30.0,169,12499,1001,832
226,27,42,225.0,30.0,169,9973,1001,832
226,33,42,225.0,30.0,169,12139,380,211
227,26,42,225.0,30.0,171,9613,299,128
224,25,42,225.0,30.0,169,9249,1001,832
227,29,42,225.0,30.0,168,10696,353,185
223,28,42,225.0,30.0,165,10331,349,184
239,27,43,235.0,30.0,182,9986,1001,819
234,29,43,235.0,30.0,175,10703,354,179
232,30,43,235.0,30.0,172,11062,1001,829
238,31,43,235.0,30.0,179,11429,349,170
231,29,43,235.0,30.0,172,10700,1001,829
237,34,43,235.0,30.0,181,12511,374,193
232,34,43,235.0,30.0,176,12506,350,174
235,25,43,235.0,30.0,180,9260,1001,821
232,29,43,235.0,30.0,173,10701,449,276
233,27,43,235.0,30.0,176,9980,1001,825
248,29,44,245.0,30.0,189,10717,398,209
242,32,44,245.0,30.0,184,11794,1001,817
247,33,44,245.0,30.0,190,12160,1001,811
240,33,44,245.0,30.0,183,12153,1001,818
244,28,44,245.0,30.0,186,10352,1001,815
247,30,44,245.0,30.0,187,11077,1001,814
243,30,44,245.0,30.0,183,11073,1001,818
244,33,44,245.0,30.0,187,12157,1001,814
245,25,44,245.0,30.0,190,9270,1001,811
249,28,44,245.0,30.0,191,10357,523,332
257,33,45,255.0,30.0,200,12170,334,134
251,34,45,255.0,30.0,195,12525,384,189
259,29,45,255.0,30.0,200,10728,336,136
254,32,45,255.0,30.0,196,11806,392,196
253,31,45,255.0,30.0,194,11444,393,199
257,25,45,255.0,30.0,202,9282,1001,799
251,31,45,255.0,30.0,192,11442,333,141
254,30,45,255.0,30.0,194,11084,334,140
253,25,45,255.0,30.0,198,9278,1001,803
256,25,45,255.0,30.0,201,9281,338,137
264,29,46,265.0,30.0,205,10733,338,133
265,29,46,265.0,30.0,206,10734,422,216
267,25,46,265.0,30.0,212,9292,1001,789
263,31,46,265.0,30.0,204,11454,439,235
267,32,46,265.0,30.0,209,11819,1001,792
260,34,46,265.0,30.0,204,12534,400,196
265,25,46,265.0,30.0,210,9290,1001,791
268,32,46,265.0,30.0,210,11820,359,149
261,25,46,265.0,30.0,206,9286,1001,795
267,30,46,265.0,30.0,207,11097,1001,794
275,27,47,275.0,30.0,218,10022,419,201
279,31,47,275.0,30.0,220,11470,428,208
270,34,47,275.0,30.0,214,12544,430,216
276,34,47,275.0,30.0,220,12550,1001,781
276,29,47,275.0,30.0,217,10745,395,178
271,30,47,275.0,30.0,211,11101,351,140
275,31,47,275.0,30.0,216,11466,1001,785
274,26,47,275.0,30.0,218,9660,406,188
279,34,47,275.0,30.0,223,12553,371,148
272,30,47,275.0,30.0,212,11102,432,220
286,28,48,285.0,30.0,228,10394,366,138
281,25,48,285.0,30.0,226,9306,1001,775
289,31,48,285.0,30.0,230,11480,371,141
281,28,48,285.0,30.0,223,10389,1001,778
281,33,48,285.0,30.0,224,12194,1001,777
289,27,48,285.0,30.0,232,10036,359,127
289,34,48,285.0,30.0,233,12563,384,151
283,29,48,285.0,30.0,224,10752,1001,777
286,30,48,285.0,30.0,226,11116,423,197
280,32,48,285.0,30.0,222,11832,492,270
298,32,49,295.0,30.0,240,11850,1001,761
293,31,49,295.0,30.0,234,11484,1001,767
290,26,49,295.0,30.0,234,9676,1001,767
295,31,49,295.0,30.0,236,11486,515,279
290,27,49,295.0,30.0,233,10037,367,134
299,29,49,295.0,30.0,240,10768,1001,761
291,27,49,295.0,30.0,234,10038,399,165
295,29,49,295.0,30.0,236,10764,1001,765
298,27,49,295.0,30.0,241,10045,1001,760
296,27,49,295.0,30.0,239,10043,1001,762
307,34,50,305.0,30.0,251,12581,1001,750
301,29,50,305.0,30.0,242,10770,1001,759
306,29,50,305.0,30.0,247,10775,1001,754
303,26,50,305.0,30.0,247,9689,1001,754
303,25,50,305.0,30.0,248,9328,1001,753
307,25,50,305.0,30.0,252,9332,1001,749
302,30,50,305.0,30.0,242,11132,1001,759
304,28,50,305.0,30.0,246,10412,1001,755
300,28,50,305.0,30.0,242,10408,1001,759
301,28,50,305.0,30.0,243,10409,1001,758
312,26,51,312.5,30.0,256,9698,1001,745
313,27,51,312.5,30.0,256,10060,478,222
310,26,51,312.5,30.0,254,9696,1001,747
310,27,51,312.5,30.0,253,10057,1001,748
312,29,51,312.5,30.0,253,10781,1001,748
312,32,51,312.5,30.0,254,11864,1001,747
312,32,51,312.5,30.0,254,11864,1001,747
312,26,51,312.5,30.0,256,9698,418,162
312,25,51,312.5,30.0,257,9337,1001,744
311,26,51,312.5,30.0,255,9697,1001,746
68,36,52,65.0,40.0,14,13064,42,28
67,35,52,65.0,40.0,12,12702,40,28
62,43,52,65.0,40.0,15,15585,1001,986
62,35,52,65.0,40.0,7,12697,10,3
66,37,52,65.0,40.0,13,13423,54,41
66,36,52,65.0,40.0,12,13062,17,5
60,37,52,65.0,40.0,7,13417,13,6
61,35,52,65.0,40.0,6,12696,242,236
61,36,52,65.0,40.0,7,13057,192,185
66,44,52,65.0,40.0,20,15950,1001,981
75,44,53,75.0,40.0,29,15959,122,93
73,44,53,75.0,40.0,27,15957,106,79
70,40,53,75.0,40.0,20,14510,58,38
77,41,53,75.0,40.0,28,14878,83,55
76,39,53,75.0,40.0,25,14155,42,17
79,40,53,75.0,40.0,29,14519,104,75
75,39,53,75.0,40.0,24,14154,36,12
78,40,53,75.0,40.0,28,14518,74,46
76,42,53,75.0,40.0,28,15238,55,27
76,35,53,75.0,40.0,21,12711,42,21
81,42,54,85.0,40.0,33,15243,75,42
80,36,54,85.0,40.0,26,13076,46,20
88,36,54,85.0,40.0,34,13084,60,26
87,38,54,85.0,40.0,35,13805,56,21
80,42,54,85.0,40.0,32,15242,73,41
80,35,54,85.0,40.0,25,12715,37,12
85,37,54,85.0,40.0,32,13442,102,70
86,42,54,85.0,40.0,38,15248,75,37
85,43,54,85.0,40.0,38,15608,159,121
82,42,54,85.0,40.0,34,15244,82,48
97,44,55,95.0,40.0,51,15981,105,54
90,36,55,95.0,40.0,36,13086,56,20
96,37,55,95.0,40.0,43,13453,62,19
95,39,55,95.0,40.0,44,14174,67,23
97,37,55,95.0,40.0,44,13454,109,65
96,43,55,95.0,40.0,49,15619,1001,952
99,42,55,95.0,40.0,51,15261,128,77
96,38,55,95.0,40.0,44,13814,66,22
90,36,55,95.0,40.0,36,13086,87,51
97,36,55,95.0,40.0,43,13093,79,36
105,43,56,105.0,40.0,58,15628,124,66
108,38,56,105.0,40.0,56,13826,84,28
103,44,56,105.0,40.0,57,15987,147,90
100,43,56,105.0,40.0,53,15623,134,81
109,38,56,105.0,40.0,57,13827,78,21
104,37,56,105.0,40.0,51,13461,107,56
108,42,56,105.0,40.0,60,15270,154,94
105,38,56,105.0,40.0,53,13823,124,71
107,35,56,105.0,40.0,52,12742,81,29
106,36,56,105.0,40.0,52,13102,84,32
111,44,57,115.0,40.0,65,15995,163,98
112,40,57,115.0,40.0,62,14552,101,39
113,36,57,115.0,40.0,59,13109,95,36
110,42,57,115.0,40.0,62,15272,170,108
111,36,57,115.0,40.0,57,13107,98,41
112,42,57,115.0,40.0,64,15274,100,36
110,42,57,115.0,40.0,62,15272,194,132
113,35,57,115.0,40.0,58,12748,95,37
110,43,57,115.0,40.0,63,15633,208,145
110,35,57,115.0,40.0,55,12745,110,55
123,42,58,125.0,40.0,75,15285,139,64
129,39,58,125.0,40.0,78,14208,94,16
124,35,58,125.0,40.0,69,12759,89,20
127,44,58,125.0,40.0,81,16011,188,107
122,39,58,125.0,40.0,71,14201,101,30
127,37,58,125.0,40.0,74,13484,87,13
127,43,58,125.0,40.0,80,15650,137,57
129,38,58,125.0,40.0,77,13847,86,9
123,42,58,125.0,40.0,75,15285,143,68
126,35,58,125.0,40.0,71,12761,101,30
131,39,59,135.0,40.0,80,14210,132,52
138,42,59,135.0,40.0,90,15300,1001,911
132,36,59,135.0,40.0,78,13128,97,19
138,36,59,135.0,40.0,84,13134,115,31
132,35,59,135.0,40.0,77,12767,123,46
132,37,59,135.0,40.0,79,13489,88,9
133,36,59,135.0,40.0,79,13129,103,24
134,40,59,135.0,40.0,84,14574,157,73
131,43,59,135.0,40.0,84,15654,145,61
138,38,59,135.0,40.0,86,13856,101,15
147,41,60,145.0,40.0,98,14948,118,20
140,35,60,145.0,40.0,85,12775,102,17
140,37,60,145.0,40.0,87,13497,113,26
145,44,60,145.0,40.0,99,16029,145,46
149,42,60,145.0,40.0,101,15311,1001,900
141,35,60,145.0,40.0,86,12776,145,59
143,38,60,145.0,40.0,91,13861,114,23
143,41,60,145.0,40.0,94,14944,1001,907
146,37,60,145.0,40.0,93,13503,116,23
142,44,60,145.0,40.0,96,16026,1001,905
157,38,61,155.0,40.0,105,13875,136,31
158,40,61,155.0,40.0,108,14598,160,52
156,35,61,155.0,40.0,101,12791,125,24
155,43,61,155.0,40.0,108,15678,1001,893
159,36,61,155.0,40.0,105,13155,116,11
157,43,61,155.0,40.0,110,15680,193,83
154,44,61,155.0,40.0,108,16038,187,79
159,43,61,155.0,40.0,112,15682,174,62
159,42,61,155.0,40.0,111,15321,172,61
158,39,61,155.0,40.0,107,14237,120,13
169,41,62,165.0,40.0,120,14970,1001,881
162,42,62,165.0,40.0,114,15324,182,68
167,38,62,165.0,40.0,115,13885,233,118
164,39,62,165.0,40.0,113,14243,219,106
167,36,62,165.0,40.0,113,13163,128,15
164,43,62,165.0,40.0,117,15687,176,59
167,40,62,165.0,40.0,117,14607,152,35
169,40,62,165.0,40.0,119,14609,201,82
164,42,62,165.0,40.0,116,15326,225,109
166,38,62,165.0,40.0,114,13884,186,72
176,43,63,175.0,40.0,129,15699,184,55
173,40,63,175.0,40.0,123,14613,167,44
171,36,63,175.0,40.0,117,13167,214,97
177,35,63,175.0,40.0,122,12812,159,37
176,40,63,175.0,40.0,126,14616,184,58
171,35,63,175.0,40.0,116,12806,138,22
171,36,63,175.0,40.0,117,13167,150,33
170,44,63,175.0,40.0,124,16054,181,57
179,44,63,175.0,40.0,133,16063,239,106
176,42,63,175.0,40.0,128,15338,241,113
181,41,64,185.0,40.0,132,14982,1001,869
186,39,64,185.0,40.0,135,14265,280,145
184,41,64,185.0,40.0,135,14985,1001,866
185,35,64,185.0,40.0,130,12820,1001,871
187,39,64,185.0,40.0,136,14266,1001,865
183,42,64,185.0,40.0,135,15345,1001,866
189,43,64,185.0,40.0,142,15712,1001,859
187,36,64,185.0,40.0,133,13183,1001,868
188,43,64,185.0,40.0,141,15711,1001,860
187,40,64,185.0,40.0,137,14627,1001,864
192,35,65,195.0,40.0,137,12827,1001,864
191,37,65,195.0,40.0,138,13548,1001,863
199,43,65,195.0,40.0,152,15722,1001,849
195,42,65,195.0,40.0,147,15357,1001,854
196,35,65,195.0,40.0,141,12831,1001,860
194,44,65,195.0,40.0,148,16078,1001,853
195,40,65,195.0,40.0,145,14635,1001,856
194,41,65,195.0,40.0,145,14995,1001,856
198,36,65,195.0,40.0,144,13194,1001,857
199,37,65,195.0,40.0,146,13556,1001,855
208,43,66,205.0,40.0,161,15731,1001,840
207,40,66,205.0,40.0,157,14647,1001,844
208,42,66,205.0,40.0,160,15370,1001,841
200,43,66,205.0,40.0,153,15723,1001,848
201,37,66,205.0,40.0,148,13558,1001,853
206,42,66,205.0,40.0,158,15368,1001,843
205,37,66,205.0,40.0,152,13562,1001,849
201,36,66,205.0,40.0,147,13197,1001,854
200,42,66,205.0,40.0,152,15362,1001,849
209,39,66,205.0,40.0,158,14288,1001,843
218,41,67,215.0,40.0,169,15019,1001,832
216,43,67,215.0,40.0,169,15739,1001,832
211,40,67,215.0,40.0,161,14651,1001,840
216,37,67,215.0,40.0,163,13573,1001,838
213,38,67,215.0,40.0,161,13931,1001,840
212,41,67,215.0,40.0,163,15013,1001,838
219,37,67,215.0,40.0,166,13576,1001,835
211,44,67,215.0,40.0,165,16095,1001,836
211,37,67,215.0,40.0,158,13568,1001,843
218,37,67,215.0,40.0,165,13575,1001,836
228,35,68,225.0,40.0,173,12863,377,204
227,41,68,225.0,40.0,178,15028,1001,823
229,39,68,225.0,40.0,178,14308,367,189
227,40,68,225.0,40.0,177,14667,327,150
226,39,68,225.0,40.0,175,14305,1001,826
222,37,68,225.0,40.0,169,13579,1001,832
226,44,68,225.0,40.0,180,16110,1001,821
220,37,68,225.0,40.0,167,13577,1001,834
224,40,68,225.0,40.0,174,14664,1001,827
227,42,68,225.0,40.0,179,15389,325,146
239,38,69,235.0,40.0,187,13957,348,161
236,39,69,235.0,40.0,185,14315,334,149
238,35,69,235.0,40.0,183,12873,314,131
230,42,69,235.0,40.0,182,15392,1001,819
233,36,69,235.0,40.0,179,13229,1001,822
234,35,69,235.0,40.0,179,12869,337,158
239,40,69,235.0,40.0,189,14679,1001,812
234,43,69,235.0,40.0,187,15757,326,139
231,44,69,235.0,40.0,185,16115,380,195
231,40,69,235.0,40.0,181,14671,444,263
242,36,70,245.0,40.0,188,13238,364,176
248,43,70,245.0,40.0,201,15771,345,144
245,44,70,245.0,40.0,199,16129,428,229
240,39,70,245.0,40.0,189,14319,336,147
248,35,70,245.0,40.0,193,12883,1001,808
240,38,70,245.0,40.0,188,13958,336,148
244,38,70,245.0,40.0,192,13962,357,165
249,44,70,245.0,40.0,203,16133,374,171
243,39,70,245.0,40.0,192,14322,336,144
247,39,70,245.0,40.0,196,14326,359,163
253,41,71,255.0,40.0,204,15054,375,171
259,37,71,255.0,40.0,206,13616,381,175
250,37,71,255.0,40.0,197,13607,351,154
250,40,71,255.0,40.0,200,14690,1001,801
254,41,71,255.0,40.0,205,15055,363,158
253,36,71,255.0,40.0,199,13249,390,191
254,43,71,255.0,40.0,207,15777,343,136
255,44,71,255.0,40.0,209,16139,349,140
253,40,71,255.0,40.0,203,14693,381,178
254,39,71,255.0,40.0,203,14333,396,193
265,38,72,265.0,40.0,213,13983,364,151
263,44,72,265.0,40.0,217,16147,352,135
264,42,72,265.0,40.0,216,15426,1001,785
264,42,72,265.0,40.0,216,15426,1001,785
266,44,72,265.0,40.0,220,16150,366,146
267,38,72,265.0,40.0,215,13985,395,180
269,36,72,265.0,40.0,215,13265,358,143
269,41,72,265.0,40.0,220,15070,388,168
264,43,72,265.0,40.0,217,15787,1001,784
264,42,72,265.0,40.0,216,15426,386,170
277,43,73,275.0,40.0,230,15800,386,156
276,41,73,275.0,40.0,227,15077,397,170
273,40,73,275.0,40.0,223,14713,449,226
275,36,73,275.0,40.0,221,13271,423,202
275,41,73,275.0,40.0,226,15076,397,171
278,41,73,275.0,40.0,229,15079,388,159
275,41,73,275.0,40.0,226,15076,1001,775
272,42,73,275.0,40.0,224,15434,370,146
272,43,73,275.0,40.0,225,15795,1001,776
278,36,73,275.0,40.0,224,13274,361,137
287,35,74,285.0,40.0,232,12922,1001,769
288,40,74,285.0,40.0,238,14728,402,164
285,36,74,285.0,40.0,231,13281,376,145
289,44,74,285.0,40.0,243,16173,424,181
282,38,74,285.0,40.0,230,14000,1001,771
288,35,74,285.0,40.0,233,12923,392,159
285,35,74,285.0,40.0,230,12920,380,150
287,36,74,285.0,40.0,233,13283,454,221
284,40,74,285.0,40.0,234,14724,390,156
280,39,74,285.0,40.0,229,14359,365,136
290,42,75,295.0,40.0,242,15452,394,152
290,37,75,295.0,40.0,237,13647,371,134
293,35,75,295.0,40.0,238,12928,433,195
294,36,75,295.0,40.0,240,13290,380,140
293,36,75,295.0,40.0,239,13289,485,246
291,42,75,295.0,40.0,243,15453,417,174
292,39,75,295.0,40.0,241,14371,439,198
297,37,75,295.0,40.0,244,13654,415,171
291,37,75,295.0,40.0,238,13648,452,214
293,44,75,295.0,40.0,247,16177,395,148
302,37,76,305.0,40.0,249,13659,1001,752
304,41,76,305.0,40.0,255,15105,1001,746
304,38,76,305.0,40.0,252,14022,431,179
309,43,76,305.0,40.0,262,15832,400,138
302,37,76,305.0,40.0,249,13659,1001,752
308,39,76,305.0,40.0,257,14387,1001,744
307,40,76,305.0,40.0,257,14747,1001,744
309,38,76,305.0,40.0,257,14027,411,154
309,44,76,305.0,40.0,263,16193,421,158
302,37,76,305.0,40.0,249,13659,1001,752
314,37,77,312.5,40.0,261,13671,417,156
311,35,77,312.5,40.0,256,12946,1001,745
314,38,77,312.5,40.0,262,14032,1001,739
312,44,77,312.5,40.0,266,16196,409,143
314,41,77,312.5,40.0,265,15115,411,146
311,36,77,312.5,40.0,257,13307,1001,744
310,41,77,312.5,40.0,261,15111,439,178
314,43,77,312.5,40.0,267,15837,410,143
312,43,77,312.5,40.0,265,15835,436,171
314,39,77,312.5,40.0,263,14393,446,183
