x,y,cell,cell_x,cell_y,opt_traj,point_id,steps_taken,extra_steps
67,15,0,65.0,20.0,22,5482,1001,979
67,19,0,65.0,20.0,18,6926,50,32
61,20,0,65.0,20.0,11,7281,26,15
60,22,0,65.0,20.0,8,8002,23,15
68,16,0,65.0,20.0,22,5844,75,53
68,15,0,65.0,20.0,23,5483,113,90
66,21,0,65.0,20.0,15,7647,44,29
65,15,0,65.0,20.0,20,5480,115,95
65,16,0,65.0,20.0,19,5841,66,47
64,15,0,65.0,20.0,19,5479,106,87
71,15,1,75.0,20.0,26,5486,107,81
78,20,1,75.0,20.0,28,7298,141,113
73,24,1,75.0,20.0,19,8737,42,23
79,19,1,75.0,20.0,30,6938,50,20
75,24,1,75.0,20.0,21,8739,35,14
71,23,1,75.0,20.0,18,8374,67,49
71,15,1,75.0,20.0,26,5486,108,82
72,17,1,75.0,20.0,25,6209,43,18
77,18,1,75.0,20.0,29,6575,54,25
73,19,1,75.0,20.0,24,6932,44,20
85,22,2,85.0,20.0,33,8027,59,26
81,24,2,85.0,20.0,27,8745,61,34
89,15,2,85.0,20.0,44,5504,72,28
87,22,2,85.0,20.0,35,8029,60,25
85,20,2,85.0,20.0,35,7305,74,39
89,18,2,85.0,20.0,41,6587,68,27
80,21,2,85.0,20.0,29,7661,57,28
80,18,2,85.0,20.0,32,6578,48,16
88,24,2,85.0,20.0,34,8752,49,15
87,24,2,85.0,20.0,33,8751,50,17
95,15,3,95.0,20.0,50,5510,82,32
94,23,3,95.0,20.0,41,8397,71,30
92,15,3,95.0,20.0,47,5507,75,28
93,20,3,95.0,20.0,43,7313,62,19
91,22,3,95.0,20.0,39,8033,76,37
97,20,3,95.0,20.0,47,7317,72,25
95,16,3,95.0,20.0,49,5871,72,23
97,21,3,95.0,20.0,46,7678,72,26
96,17,3,95.0,20.0,49,6233,72,23
99,19,3,95.0,20.0,50,6958,88,38
100,23,4,105.0,20.0,47,8403,86,39
102,16,4,105.0,20.0,56,5878,93,37
108,18,4,105.0,20.0,60,6606,92,32
107,24,4,105.0,20.0,53,8771,101,48
109,19,4,105.0,20.0,60,6968,99,39
102,19,4,105.0,20.0,53,6961,81,28
107,21,4,105.0,20.0,56,7688,77,21
104,23,4,105.0,20.0,51,8407,78,27
102,23,4,105.0,20.0,49,8405,125,76
103,19,4,105.0,20.0,54,6962,71,17
113,15,5,115.0,20.0,68,5528,150,82
115,16,5,115.0,20.0,69,5891,172,103
119,18,5,115.0,20.0,71,6617,107,36
118,15,5,115.0,20.0,73,5533,131,58
114,20,5,115.0,20.0,64,7334,131,67
113,17,5,115.0,20.0,66,6250,161,95
117,20,5,115.0,20.0,67,7337,83,16
116,23,5,115.0,20.0,63,8419,107,44
116,21,5,115.0,20.0,65,7697,99,34
118,16,5,115.0,20.0,72,5894,173,101
123,17,6,125.0,20.0,76,6260,124,48
123,21,6,125.0,20.0,72,7704,111,39
124,19,6,125.0,20.0,75,6983,121,46
123,18,6,125.0,20.0,75,6621,103,28
122,19,6,125.0,20.0,73,6981,97,24
129,17,6,125.0,20.0,82,6266,121,39
121,23,6,125.0,20.0,68,8424,133,65
127,20,6,125.0,20.0,77,7347,93,16
120,24,6,125.0,20.0,66,8784,81,15
127,19,6,125.0,20.0,78,6986,95,17
133,23,7,135.0,20.0,80,8436,163,83
132,18,7,135.0,20.0,84,6630,196,112
130,23,7,135.0,20.0,77,8433,150,73
136,20,7,135.0,20.0,86,7356,125,39
133,19,7,135.0,20.0,84,6992,102,18
134,18,7,135.0,20.0,86,6632,189,103
137,21,7,135.0,20.0,86,7718,214,128
135,20,7,135.0,20.0,85,7355,104,19
132,24,7,135.0,20.0,78,8796,109,31
139,15,7,135.0,20.0,94,5554,176,82
147,17,8,145.0,20.0,100,6284,213,113
146,16,8,145.0,20.0,100,5922,209,109
143,18,8,145.0,20.0,95,6641,192,97
148,18,8,145.0,20.0,100,6646,195,95
141,21,8,145.0,20.0,90,7722,209,119
141,20,8,145.0,20.0,91,7361,214,123
140,20,8,145.0,20.0,90,7360,213,123
142,22,8,145.0,20.0,90,8084,127,37
141,23,8,145.0,20.0,88,8444,130,42
147,24,8,145.0,20.0,93,8811,233,140
154,17,9,155.0,20.0,107,6291,216,109
156,20,9,155.0,20.0,106,7376,204,98
158,21,9,155.0,20.0,107,7739,224,117
150,19,9,155.0,20.0,101,7009,207,106
152,18,9,155.0,20.0,104,6650,206,102
150,17,9,155.0,20.0,103,6287,201,98
155,17,9,155.0,20.0,108,6292,211,103
152,15,9,155.0,20.0,107,5567,219,112
157,16,9,155.0,20.0,111,5933,196,85
155,16,9,155.0,20.0,109,5931,194,85
160,16,10,165.0,20.0,114,5936,199,85
164,16,10,165.0,20.0,118,5940,231,113
166,23,10,165.0,20.0,113,8469,233,120
166,24,10,165.0,20.0,112,8830,253,141
169,16,10,165.0,20.0,123,5945,208,85
168,24,10,165.0,20.0,114,8832,260,146
165,18,10,165.0,20.0,117,6663,213,96
166,20,10,165.0,20.0,116,7386,253,137
169,21,10,165.0,20.0,118,7750,244,126
160,15,10,165.0,20.0,115,5575,200,85
173,21,11,175.0,20.0,122,7754,221,99
177,24,11,175.0,20.0,123,8841,261,138
171,23,11,175.0,20.0,118,8474,223,105
178,22,11,175.0,20.0,126,8120,257,131
171,19,11,175.0,20.0,122,7030,244,122
170,17,11,175.0,20.0,123,6307,220,97
171,15,11,175.0,20.0,126,5586,215,89
177,16,11,175.0,20.0,131,5953,232,101
170,23,11,175.0,20.0,117,8473,222,105
173,18,11,175.0,20.0,125,6671,222,97
181,20,12,185.0,20.0,131,7401,236,105
184,24,12,185.0,20.0,130,8848,240,110
185,23,12,185.0,20.0,132,8488,243,111
187,19,12,185.0,20.0,138,7046,266,128
184,16,12,185.0,20.0,138,5960,376,238
181,15,12,185.0,20.0,136,5596,223,87
184,24,12,185.0,20.0,130,8848,253,123
188,17,12,185.0,20.0,141,6325,283,142
186,18,12,185.0,20.0,138,6684,255,117
185,24,12,185.0,20.0,131,8849,291,160
194,19,13,195.0,20.0,145,7053,281,136
194,15,13,195.0,20.0,149,5609,715,566
191,24,13,195.0,20.0,137,8855,247,110
198,17,13,195.0,20.0,151,6335,301,150
193,24,13,195.0,20.0,139,8857,309,170
196,17,13,195.0,20.0,149,6333,469,320
194,23,13,195.0,20.0,141,8497,272,131
199,16,13,195.0,20.0,153,5975,709,556
190,22,13,195.0,20.0,138,8132,259,121
192,21,13,195.0,20.0,141,7773,250,109
207,20,14,205.0,20.0,157,7427,273,116
209,24,14,205.0,20.0,155,8873,299,144
207,15,14,205.0,20.0,162,5622,398,236
206,19,14,205.0,20.0,157,7065,405,248
205,15,14,205.0,20.0,160,5620,708,548
203,23,14,205.0,20.0,150,8506,264,114
207,17,14,205.0,20.0,160,6344,714,554
205,21,14,205.0,20.0,154,7786,291,137
205,22,14,205.0,20.0,153,8147,308,155
204,24,14,205.0,20.0,150,8868,261,111
210,22,15,215.0,20.0,158,8152,277,119
210,22,15,215.0,20.0,158,8152,271,113
211,22,15,215.0,20.0,159,8153,307,148
211,19,15,215.0,20.0,162,7070,295,133
217,15,15,215.0,20.0,172,5632,694,522
219,19,15,215.0,20.0,170,7078,303,133
216,16,15,215.0,20.0,170,5992,692,522
213,24,15,215.0,20.0,159,8877,270,111
210,18,15,215.0,20.0,162,6708,416,254
214,19,15,215.0,20.0,165,7073,314,149
229,24,16,225.0,20.0,175,8893,316,141
223,20,16,225.0,20.0,173,7443,285,112
221,20,16,225.0,20.0,171,7441,298,127
224,17,16,225.0,20.0,177,6361,408,231
224,22,16,225.0,20.0,172,8166,1001,829
225,21,16,225.0,20.0,174,7806,290,116
220,17,16,225.0,20.0,173,6357,704,531
229,16,16,225.0,20.0,183,6005,397,214
229,23,16,225.0,20.0,176,8532,302,126
227,19,16,225.0,20.0,178,7086,417,239
231,15,17,235.0,20.0,186,5646,407,221
230,15,17,235.0,20.0,185,5645,405,220
230,24,17,235.0,20.0,176,8894,297,121
236,22,17,235.0,20.0,184,8178,299,115
239,18,17,235.0,20.0,191,6737,422,231
232,20,17,235.0,20.0,182,7452,295,113
239,19,17,235.0,20.0,190,7098,309,119
236,21,17,235.0,20.0,185,7817,301,116
232,20,17,235.0,20.0,182,7452,440,258
233,21,17,235.0,20.0,182,7814,315,133
249,24,18,245.0,20.0,195,8913,354,159
241,17,18,245.0,20.0,194,6378,415,221
246,16,18,245.0,20.0,200,6022,396,196
249,22,18,245.0,20.0,197,8191,430,233
248,17,18,245.0,20.0,201,6385,324,123
243,20,18,245.0,20.0,193,7463,393,200
240,23,18,245.0,20.0,187,8543,350,163
242,21,18,245.0,20.0,191,7823,324,133
248,15,18,245.0,20.0,203,5663,407,204
243,23,18,245.0,20.0,190,8546,297,107
255,18,19,255.0,20.0,207,6753,401,194
252,17,19,255.0,20.0,205,6389,395,190
254,22,19,255.0,20.0,202,8196,407,205
257,17,19,255.0,20.0,210,6394,439,229
259,17,19,255.0,20.0,212,6396,395,183
254,24,19,255.0,20.0,200,8918,342,142
257,19,19,255.0,20.0,208,7116,374,166
255,19,19,255.0,20.0,206,7114,341,135
258,24,19,255.0,20.0,204,8922,417,213
255,15,19,255.0,20.0,210,5670,409,199
267,20,20,265.0,20.0,217,7487,408,191
261,21,20,265.0,20.0,210,7842,368,158
262,24,20,265.0,20.0,208,8926,349,141
262,20,20,265.0,20.0,212,7482,410,198
269,23,20,265.0,20.0,216,8572,386,170
268,23,20,265.0,20.0,215,8571,409,194
260,18,20,265.0,20.0,212,6758,397,185
264,18,20,265.0,20.0,216,6762,381,165
267,24,20,265.0,20.0,213,8931,373,160
262,24,20,265.0,20.0,208,8926,459,251
279,24,21,275.0,20.0,225,8943,384,159
275,19,21,275.0,20.0,226,7134,383,157
278,17,21,275.0,20.0,231,6415,396,165
273,22,21,275.0,20.0,221,8215,397,176
274,21,21,275.0,20.0,223,7855,414,191
275,19,21,275.0,20.0,226,7134,394,168
279,23,21,275.0,20.0,226,8582,398,172
276,17,21,275.0,20.0,229,6413,392,163
270,23,21,275.0,20.0,217,8573,378,161
272,18,21,275.0,20.0,224,6770,390,166
289,22,22,285.0,20.0,237,8231,438,201
280,17,22,285.0,20.0,233,6417,396,163
280,21,22,285.0,20.0,229,7861,401,172
285,21,22,285.0,20.0,234,7866,411,177
288,17,22,285.0,20.0,241,6425,409,168
282,22,22,285.0,20.0,230,8224,388,158
280,16,22,285.0,20.0,234,6056,416,182
289,23,22,285.0,20.0,236,8592,393,157
284,23,22,285.0,20.0,231,8587,389,158
284,22,22,285.0,20.0,232,8226,389,157
293,22,23,295.0,20.0,241,8235,407,166
298,19,23,295.0,20.0,249,7157,523,274
298,19,23,295.0,20.0,249,7157,408,159
292,22,23,295.0,20.0,240,8234,415,175
299,18,23,295.0,20.0,251,6797,500,249
296,24,23,295.0,20.0,242,8960,408,166
294,16,23,295.0,20.0,248,6070,492,244
295,16,23,295.0,20.0,249,6071,414,165
297,23,23,295.0,20.0,244,8600,406,162
295,19,23,295.0,20.0,246,7154,407,161
301,21,24,305.0,20.0,250,7882,418,168
305,21,24,305.0,20.0,254,7886,427,173
306,24,24,305.0,20.0,252,8970,424,172
302,17,24,305.0,20.0,255,6439,518,263
307,18,24,305.0,20.0,259,6805,582,323
302,20,24,305.0,20.0,252,7522,430,178
300,22,24,305.0,20.0,248,8242,407,159
306,24,24,305.0,20.0,252,8970,433,181
307,17,24,305.0,20.0,260,6444,588,328
306,19,24,305.0,20.0,257,7165,434,177
311,16,25,312.5,20.0,265,6087,586,321
314,23,25,312.5,20.0,261,8617,429,168
310,19,25,312.5,20.0,261,7169,462,201
314,19,25,312.5,20.0,265,7173,575,310
314,19,25,312.5,20.0,265,7173,580,315
312,22,25,312.5,20.0,260,8254,454,194
314,15,25,312.5,20.0,269,5729,574,305
311,23,25,312.5,20.0,258,8614,425,167
311,22,25,312.5,20.0,259,8253,428,169
313,16,25,312.5,20.0,267,6089,499,232
63,27,26,65.0,30.0,6,9810,34,28
61,33,26,65.0,30.0,4,11974,10,6
65,34,26,65.0,30.0,9,12339,33,24
61,33,26,65.0,30.0,4,11974,42,38
60,29,26,65.0,30.0,1,10529,15,14
69,31,26,65.0,30.0,10,11260,13,3
64,25,26,65.0,30.0,9,9089,24,15
66,28,26,65.0,30.0,8,10174,21,13
61,27,26,65.0,30.0,4,9808,78,74
65,31,26,65.0,30.0,6,11256,13,7
70,30,27,75.0,30.0,10,10900,21,11
74,30,27,75.0,30.0,14,10904,17,3
79,30,27,75.0,30.0,19,10909,44,25
76,31,27,75.0,30.0,17,11267,24,7
79,33,27,75.0,30.0,22,11992,55,33
71,33,27,75.0,30.0,14,11984,60,46
75,30,27,75.0,30.0,15,10905,53,38
77,34,27,75.0,30.0,21,12351,62,41
77,32,27,75.0,30.0,19,11629,41,22
74,27,27,75.0,30.0,17,9821,39,22
83,31,28,85.0,30.0,24,11274,48,24
82,28,28,85.0,30.0,24,10190,42,18
87,27,28,85.0,30.0,30,9834,147,117
85,30,28,85.0,30.0,25,10915,62,37
80,29,28,85.0,30.0,21,10549,53,32
88,32,28,85.0,30.0,30,11640,60,30
89,32,28,85.0,30.0,31,11641,37,6
87,29,28,85.0,30.0,28,10556,71,43
89,29,28,85.0,30.0,30,10558,92,62
88,31,28,85.0,30.0,29,11279,39,10
99,32,29,95.0,30.0,41,11651,92,51
90,33,29,95.0,30.0,33,12003,61,28
99,30,29,95.0,30.0,39,10929,74,35
95,30,29,95.0,30.0,35,10925,62,27
91,31,29,95.0,30.0,32,11282,67,35
90,27,29,95.0,30.0,33,9837,62,29
92,28,29,95.0,30.0,34,10200,73,39
98,32,29,95.0,30.0,40,11650,67,27
98,32,29,95.0,30.0,40,11650,98,58
91,30,29,95.0,30.0,31,10921,89,58
102,31,30,105.0,30.0,43,11293,99,56
106,25,30,105.0,30.0,51,9131,99,48
103,32,30,105.0,30.0,45,11655,60,15
105,28,30,105.0,30.0,47,10213,84,37
103,33,30,105.0,30.0,46,12016,157,111
105,28,30,105.0,30.0,47,10213,72,25
102,28,30,105.0,30.0,44,10210,71,27
104,31,30,105.0,30.0,45,11295,85,40
100,25,30,105.0,30.0,45,9125,65,20
101,26,30,105.0,30.0,45,9487,157,112
110,34,31,115.0,30.0,54,12384,94,40
110,29,31,115.0,30.0,51,10579,90,39
115,34,31,115.0,30.0,59,12389,108,49
115,33,31,115.0,30.0,58,12028,103,45
111,29,31,115.0,30.0,52,10580,194,142
116,29,31,115.0,30.0,57,10585,129,72
112,27,31,115.0,30.0,55,9859,88,33
113,28,31,115.0,30.0,55,10221,84,29
116,29,31,115.0,30.0,57,10585,304,247
113,26,31,115.0,30.0,57,9499,86,29
129,26,32,125.0,30.0,73,9515,135,62
129,26,32,125.0,30.0,73,9515,181,108
127,34,32,125.0,30.0,71,12401,171,100
126,30,32,125.0,30.0,66,10956,110,44
126,27,32,125.0,30.0,69,9873,126,57
128,34,32,125.0,30.0,72,12402,83,11
125,28,32,125.0,30.0,67,10233,124,57
129,31,32,125.0,30.0,70,11320,121,51
121,33,32,125.0,30.0,64,12034,246,182
126,28,32,125.0,30.0,68,10234,117,49
138,26,33,135.0,30.0,82,9524,153,71
133,27,33,135.0,30.0,76,9880,134,58
136,25,33,135.0,30.0,81,9161,102,21
135,25,33,135.0,30.0,80,9160,124,44
131,29,33,135.0,30.0,72,10600,214,142
139,32,33,135.0,30.0,81,11691,194,113
132,29,33,135.0,30.0,73,10601,118,45
134,28,33,135.0,30.0,76,10242,142,66
133,32,33,135.0,30.0,75,11685,867,792
134,29,33,135.0,30.0,75,10603,123,48
149,31,34,145.0,30.0,90,11340,320,230
143,26,34,145.0,30.0,87,9529,226,139
143,26,34,145.0,30.0,87,9529,224,137
145,31,34,145.0,30.0,86,11336,256,170
140,30,34,145.0,30.0,80,10970,108,28
149,32,34,145.0,30.0,91,11701,279,188
146,31,34,145.0,30.0,87,11337,251,164
142,28,34,145.0,30.0,84,10250,187,103
147,34,34,145.0,30.0,91,12421,797,706
148,28,34,145.0,30.0,90,10256,213,123
152,32,35,155.0,30.0,94,11704,814,720
154,27,35,155.0,30.0,97,9901,225,128
153,26,35,155.0,30.0,97,9539,301,204
150,29,35,155.0,30.0,91,10619,230,139
159,34,35,155.0,30.0,103,12433,818,715
155,33,35,155.0,30.0,98,12068,807,709
152,33,35,155.0,30.0,95,12065,811,716
155,32,35,155.0,30.0,97,11707,804,707
152,31,35,155.0,30.0,93,11343,233,140
155,25,35,155.0,30.0,100,9180,251,151
166,27,36,165.0,30.0,109,9913,230,121
168,31,36,165.0,30.0,109,11359,393,284
161,34,36,165.0,30.0,105,12435,808,703
162,29,36,165.0,30.0,103,10631,242,139
165,25,36,165.0,30.0,110,9190,219,109
168,26,36,165.0,30.0,112,9554,231,119
161,30,36,165.0,30.0,101,10991,248,147
168,31,36,165.0,30.0,109,11359,829,720
168,31,36,165.0,30.0,109,11359,807,698
161,25,36,165.0,30.0,106,9186,235,129
179,28,37,175.0,30.0,121,10287,252,131
173,28,37,175.0,30.0,115,10281,236,121
175,27,37,175.0,30.0,118,9922,283,165
173,33,37,175.0,30.0,116,12086,752,636
174,25,37,175.0,30.0,119,9199,259,140
176,34,37,175.0,30.0,120,12450,758,638
173,25,37,175.0,30.0,118,9198,241,123
174,31,37,175.0,30.0,115,11365,269,154
171,31,37,175.0,30.0,112,11362,772,660
170,27,37,175.0,30.0,113,9917,261,148
181,28,38,185.0,30.0,123,10289,239,116
186,25,38,185.0,30.0,131,9211,280,149
181,27,38,185.0,30.0,124,9928,250,126
185,30,38,185.0,30.0,125,11015,261,136
181,27,38,185.0,30.0,124,9928,279,155
188,27,38,185.0,30.0,131,9935,250,119
180,32,38,185.0,30.0,122,11732,301,179
182,29,38,185.0,30.0,123,10651,248,125
188,29,38,185.0,30.0,129,10657,265,136
181,25,38,185.0,30.0,126,9206,250,124
195,25,39,195.0,30.0,140,9220,250,110
192,33,39,195.0,30.0,135,12105,348,213
199,31,39,195.0,30.0,140,11390,277,137
191,33,39,195.0,30.0,134,12104,282,148
191,33,39,195.0,30.0,134,12104,283,149
190,29,39,195.0,30.0,131,10659,252,121
198,25,39,195.0,30.0,143,9223,269,126
193,29,39,195.0,30.0,134,10662,465,331
195,26,39,195.0,30.0,139,9581,272,133
191,32,39,195.0,30.0,133,11743,274,141
209,34,40,205.0,30.0,153,12483,423,270
207,33,40,205.0,30.0,150,12120,295,145
207,33,40,205.0,30.0,150,12120,285,135
200,26,40,205.0,30.0,144,9586,266,122
203,26,40,205.0,30.0,147,9589,275,128
200,31,40,205.0,30.0,141,11391,266,125
207,31,40,205.0,30.0,148,11398,409,261
203,33,40,205.0,30.0,146,12116,306,160
208,31,40,205.0,30.0,149,11399,310,161
203,29,40,205.0,30.0,144,10672,270,126
218,29,41,215.0,30.0,159,10687,280,121
216,31,41,215.0,30.0,157,11407,288,131
216,31,41,215.0,30.0,157,11407,301,144
212,25,41,215.0,30.0,157,9237,282,125
215,26,41,215.0,30.0,159,9601,277,118
215,25,41,215.0,30.0,160,9240,285,125
215,25,41,215.0,30.0,160,9240,288,128
212,34,41,215.0,30.0,156,12486,287,131
217,26,41,215.0,30.0,161,9603,284,123
214,31,41,215.0,30.0,155,11405,305,150
225,28,42,225.0,30.0,167,10333,311,144
220,25,42,225.0,30.0,165,9245,314,149
228,29,42,225.0,30.0,169,10697,317,148
220,33,42,225.0,30.0,163,12133,296,133
229,27,42,225.0,30.0,172,9976,293,121
224,25,42,225.0,30.0,169,9249,303,134
225,25,42,225.0,30.0,170,9250,286,116
222,25,42,225.0,30.0,167,9247,288,121
227,33,42,225.0,30.0,170,12140,309,139
225,26,42,225.0,30.0,169,9611,283,114
231,27,43,235.0,30.0,174,9978,311,137
233,28,43,235.0,30.0,175,10341,323,148
236,33,43,235.0,30.0,179,12149,330,151
237,29,43,235.0,30.0,178,10706,324,146
230,34,43,235.0,30.0,174,12504,305,131
235,28,43,235.0,30.0,177,10343,306,129
236,29,43,235.0,30.0,177,10705,341,164
236,28,43,235.0,30.0,178,10344,297,119
230,28,43,235.0,30.0,172,10338,298,126
232,30,43,235.0,30.0,172,11062,295,123
246,34,44,245.0,30.0,190,12520,1001,811
240,25,44,245.0,30.0,185,9265,307,122
245,29,44,245.0,30.0,186,10714,321,135
245,28,44,245.0,30.0,187,10353,464,277
245,26,44,245.0,30.0,189,9631,312,123
244,33,44,245.0,30.0,187,12157,328,141
249,27,44,245.0,30.0,192,9996,460,268
241,26,44,245.0,30.0,185,9627,307,122
241,33,44,245.0,30.0,184,12154,363,179
246,25,44,245.0,30.0,191,9271,328,137
259,30,45,255.0,30.0,199,11089,363,164
252,26,45,255.0,30.0,196,9638,430,234
252,33,45,255.0,30.0,195,12165,493,298
253,27,45,255.0,30.0,196,10000,326,130
259,29,45,255.0,30.0,200,10728,355,155
254,27,45,255.0,30.0,197,10001,322,125
251,28,45,255.0,30.0,193,10359,322,129
256,31,45,255.0,30.0,197,11447,350,153
253,32,45,255.0,30.0,195,11805,479,284
258,25,45,255.0,30.0,203,9283,323,120
260,32,46,265.0,30.0,202,11812,340,138
264,27,46,265.0,30.0,207,10011,401,194
263,28,46,265.0,30.0,205,10371,373,168
265,28,46,265.0,30.0,207,10373,384,177
265,26,46,265.0,30.0,209,9651,381,172
264,33,46,265.0,30.0,207,12177,357,150
265,31,46,265.0,30.0,206,11456,369,163
262,26,46,265.0,30.0,206,9648,366,160
268,27,46,265.0,30.0,211,10015,383,172
269,30,46,265.0,30.0,209,11099,364,155
278,26,47,275.0,30.0,222,9664,394,172
276,29,47,275.0,30.0,217,10745,372,155
274,29,47,275.0,30.0,215,10743,453,238
275,31,47,275.0,30.0,216,11466,389,173
272,27,47,275.0,30.0,215,10019,436,221
276,28,47,275.0,30.0,218,10384,556,338
277,34,47,275.0,30.0,221,12551,395,174
274,29,47,275.0,30.0,215,10743,378,163
278,26,47,275.0,30.0,222,9664,385,163
271,29,47,275.0,30.0,212,10740,385,173
288,33,48,285.0,30.0,231,12201,395,164
285,30,48,285.0,30.0,225,11115,393,168
285,26,48,285.0,30.0,229,9671,397,168
283,29,48,285.0,30.0,224,10752,379,155
285,26,48,285.0,30.0,229,9671,386,157
281,32,48,285.0,30.0,223,11833,386,163
287,30,48,285.0,30.0,227,11117,401,174
280,29,48,285.0,30.0,221,10749,376,155
284,25,48,285.0,30.0,229,9309,400,171
284,31,48,285.0,30.0,225,11475,385,160
290,25,49,295.0,30.0,235,9315,449,214
296,29,49,295.0,30.0,237,10765,409,172
296,32,49,295.0,30.0,238,11848,427,189
294,32,49,295.0,30.0,236,11846,414,178
290,25,49,295.0,30.0,235,9315,401,166
294,28,49,295.0,30.0,236,10402,406,170
299,26,49,295.0,30.0,243,9685,420,177
293,33,49,295.0,30.0,236,12206,398,162
291,31,49,295.0,30.0,232,11482,538,306
294,27,49,295.0,30.0,237,10041,433,196
302,29,50,305.0,30.0,243,10771,478,235
308,25,50,305.0,30.0,253,9333,437,184
308,28,50,305.0,30.0,250,10416,415,165
303,32,50,305.0,30.0,245,11855,403,158
300,26,50,305.0,30.0,244,9686,433,189
305,26,50,305.0,30.0,249,9691,433,184
303,31,50,305.0,30.0,244,11494,416,172
303,32,50,305.0,30.0,245,11855,433,188
303,32,50,305.0,30.0,245,11855,421,176
306,26,50,305.0,30.0,250,9692,412,162
311,26,51,312.5,30.0,255,9697,417,162
311,31,51,312.5,30.0,252,11502,585,333
311,34,51,312.5,30.0,255,12585,565,310
311,31,51,312.5,30.0,252,11502,419,167
311,30,51,312.5,30.0,251,11141,441,190
314,26,51,312.5,30.0,258,9700,431,173
313,27,51,312.5,30.0,256,10060,497,241
314,33,51,312.5,30.0,257,12227,411,154
313,30,51,312.5,30.0,253,11143,463,210
313,29,51,312.5,30.0,254,10782,444,190
61,43,52,65.0,40.0,14,15584,64,50
62,41,52,65.0,40.0,13,14863,98,85
60,42,52,65.0,40.0,12,15222,53,41
68,39,52,65.0,40.0,17,14147,30,13
64,38,52,65.0,40.0,12,13782,37,25
68,44,52,65.0,40.0,22,15952,63,41
63,42,52,65.0,40.0,15,15225,56,41
62,38,52,65.0,40.0,10,13780,31,21
68,41,52,65.0,40.0,19,14869,38,19
69,36,52,65.0,40.0,15,13065,22,7
74,38,53,75.0,40.0,22,13792,48,26
76,42,53,75.0,40.0,28,15238,76,48
78,39,53,75.0,40.0,27,14157,76,49
77,41,53,75.0,40.0,28,14878,80,52
73,43,53,75.0,40.0,26,15596,68,42
79,41,53,75.0,40.0,30,14880,60,30
76,39,53,75.0,40.0,25,14155,35,10
71,44,53,75.0,40.0,25,15955,66,41
79,39,53,75.0,40.0,28,14158,40,12
72,35,53,75.0,40.0,17,12707,30,13
83,41,54,85.0,40.0,34,14884,97,63
84,41,54,85.0,40.0,35,14885,89,54
84,43,54,85.0,40.0,37,15607,78,41
88,36,54,85.0,40.0,34,13084,36,2
88,38,54,85.0,40.0,36,13806,41,5
88,37,54,85.0,40.0,35,13445,45,10
87,39,54,85.0,40.0,36,14166,45,9
83,42,54,85.0,40.0,35,15245,97,62
89,41,54,85.0,40.0,40,14890,92,52
82,36,54,85.0,40.0,28,13078,36,8
93,40,55,95.0,40.0,43,14533,58,15
98,44,55,95.0,40.0,52,15982,124,72
97,40,55,95.0,40.0,47,14537,123,76
99,41,55,95.0,40.0,50,14900,99,49
96,37,55,95.0,40.0,43,13453,63,20
95,38,55,95.0,40.0,43,13813,177,134
92,42,55,95.0,40.0,44,15254,59,15
94,42,55,95.0,40.0,46,15256,92,46
91,43,55,95.0,40.0,44,15614,113,69
93,35,55,95.0,40.0,38,12728,55,17
105,38,56,105.0,40.0,53,13823,81,28
105,35,56,105.0,40.0,50,12740,77,27
105,44,56,105.0,40.0,59,15989,101,42
107,43,56,105.0,40.0,60,15630,121,61
105,42,56,105.0,40.0,57,15267,81,24
104,35,56,105.0,40.0,49,12739,54,5
101,36,56,105.0,40.0,47,13097,85,38
109,38,56,105.0,40.0,57,13827,74,17
108,35,56,105.0,40.0,53,12743,64,11
105,44,56,105.0,40.0,59,15989,121,62
113,37,57,115.0,40.0,60,13470,69,9
117,36,57,115.0,40.0,63,13113,77,14
117,39,57,115.0,40.0,66,14196,152,86
114,39,57,115.0,40.0,63,14193,73,10
112,42,57,115.0,40.0,64,15274,130,66
116,37,57,115.0,40.0,63,13473,80,17
117,36,57,115.0,40.0,63,13113,101,38
115,40,57,115.0,40.0,65,14555,133,68
113,43,57,115.0,40.0,66,15636,127,61
118,37,57,115.0,40.0,65,13475,74,9
125,36,58,125.0,40.0,71,13121,170,99
126,41,58,125.0,40.0,77,14927,104,27
120,36,58,125.0,40.0,66,13116,90,24
124,38,58,125.0,40.0,72,13842,88,16
124,40,58,125.0,40.0,74,14564,100,26
123,35,58,125.0,40.0,68,12758,101,33
125,41,58,125.0,40.0,76,14926,85,9
128,40,58,125.0,40.0,78,14568,100,22
122,43,58,125.0,40.0,75,15645,138,63
121,37,58,125.0,40.0,68,13478,173,105
138,40,59,135.0,40.0,88,14578,850,762
136,44,59,135.0,40.0,90,16020,148,58
138,43,59,135.0,40.0,91,15661,163,72
133,43,59,135.0,40.0,86,15656,137,51
132,41,59,135.0,40.0,83,14933,133,50
137,35,59,135.0,40.0,82,12772,151,69
134,37,59,135.0,40.0,81,13491,315,234
137,42,59,135.0,40.0,89,15299,829,740
134,42,59,135.0,40.0,86,15296,140,54
130,35,59,135.0,40.0,75,12765,93,18
142,41,60,145.0,40.0,93,14943,840,747
148,36,60,145.0,40.0,94,13144,838,744
148,39,60,145.0,40.0,97,14227,855,758
141,41,60,145.0,40.0,92,14942,145,53
145,43,60,145.0,40.0,98,15668,841,743
147,36,60,145.0,40.0,93,13143,811,718
144,37,60,145.0,40.0,91,13501,98,7
147,35,60,145.0,40.0,92,12782,826,734
143,37,60,145.0,40.0,90,13500,850,760
145,38,60,145.0,40.0,93,13863,843,750
153,44,61,155.0,40.0,107,16037,839,732
153,36,61,155.0,40.0,99,13149,825,726
150,37,61,155.0,40.0,97,13507,827,730
155,40,61,155.0,40.0,105,14595,819,714
158,40,61,155.0,40.0,108,14598,832,724
154,37,61,155.0,40.0,101,13511,835,734
159,35,61,155.0,40.0,104,12794,815,711
154,43,61,155.0,40.0,107,15677,873,766
153,43,61,155.0,40.0,106,15676,849,743
156,42,61,155.0,40.0,108,15318,827,719
163,41,62,165.0,40.0,114,14964,792,678
167,41,62,165.0,40.0,118,14968,770,652
162,41,62,165.0,40.0,113,14963,803,690
161,35,62,165.0,40.0,106,12796,791,685
160,43,62,165.0,40.0,113,15683,816,703
167,38,62,165.0,40.0,115,13885,790,675
163,37,62,165.0,40.0,110,13520,824,714
166,37,62,165.0,40.0,113,13523,805,692
162,40,62,165.0,40.0,112,14602,809,697
162,38,62,165.0,40.0,110,13880,783,673
171,35,63,175.0,40.0,116,12806,802,686
179,41,63,175.0,40.0,130,14980,773,643
170,44,63,175.0,40.0,124,16054,793,669
171,44,63,175.0,40.0,125,16055,769,644
177,36,63,175.0,40.0,123,13173,758,635
173,41,63,175.0,40.0,124,14974,782,658
172,43,63,175.0,40.0,125,15695,784,659
172,35,63,175.0,40.0,117,12807,843,726
170,36,63,175.0,40.0,116,13166,758,642
170,38,63,175.0,40.0,118,13888,760,642
180,40,64,185.0,40.0,130,14620,780,650
188,37,64,185.0,40.0,135,13545,264,129
184,37,64,185.0,40.0,131,13541,271,140
181,43,64,185.0,40.0,134,15704,776,642
183,44,64,185.0,40.0,137,16067,782,645
180,37,64,185.0,40.0,127,13537,270,143
180,40,64,185.0,40.0,130,14620,379,249
185,37,64,185.0,40.0,132,13542,258,126
181,36,64,185.0,40.0,127,13177,306,179
182,37,64,185.0,40.0,129,13539,263,134
198,42,65,195.0,40.0,150,15360,325,175
194,39,65,195.0,40.0,143,14273,294,151
195,39,65,195.0,40.0,144,14274,274,130
192,44,65,195.0,40.0,146,16076,281,135
192,41,65,195.0,40.0,143,14993,294,151
197,35,65,195.0,40.0,142,12832,325,183
191,35,65,195.0,40.0,136,12826,281,145
193,41,65,195.0,40.0,144,14994,281,137
191,39,65,195.0,40.0,140,14270,281,141
192,36,65,195.0,40.0,138,13188,279,141
200,37,66,205.0,40.0,147,13557,291,144
207,36,66,205.0,40.0,153,13203,279,126
208,41,66,205.0,40.0,159,15009,307,148
209,41,66,205.0,40.0,160,15010,311,151
205,35,66,205.0,40.0,150,12840,292,142
206,38,66,205.0,40.0,154,13924,290,136
201,43,66,205.0,40.0,154,15724,299,145
208,36,66,205.0,40.0,154,13204,290,136
204,37,66,205.0,40.0,151,13561,308,157
206,38,66,205.0,40.0,154,13924,306,152
210,41,67,215.0,40.0,161,15011,291,130
214,35,67,215.0,40.0,159,12849,320,161
215,35,67,215.0,40.0,160,12850,462,302
213,43,67,215.0,40.0,166,15736,363,197
212,43,67,215.0,40.0,165,15735,316,151
214,43,67,215.0,40.0,167,15737,314,147
217,39,67,215.0,40.0,166,14296,302,136
213,36,67,215.0,40.0,159,13209,285,126
212,38,67,215.0,40.0,160,13930,320,160
214,39,67,215.0,40.0,163,14293,307,144
228,39,68,225.0,40.0,177,14307,321,144
222,39,68,225.0,40.0,171,14301,315,144
227,41,68,225.0,40.0,178,15028,312,134
222,40,68,225.0,40.0,172,14662,318,146
221,43,68,225.0,40.0,174,15744,301,127
221,38,68,225.0,40.0,169,13939,312,143
228,44,68,225.0,40.0,182,16112,399,217
221,38,68,225.0,40.0,169,13939,303,134
226,37,68,225.0,40.0,173,13583,314,141
225,44,68,225.0,40.0,179,16109,321,142
235,40,69,235.0,40.0,185,14675,325,140
231,42,69,235.0,40.0,183,15393,327,144
236,41,69,235.0,40.0,187,15037,341,154
237,38,69,235.0,40.0,185,13955,314,129
232,35,69,235.0,40.0,177,12867,481,304
239,35,69,235.0,40.0,184,12874,339,155
230,38,69,235.0,40.0,178,13948,333,155
236,42,69,235.0,40.0,188,15398,337,149
234,43,69,235.0,40.0,187,15757,330,143
237,44,69,235.0,40.0,191,16121,318,127
244,36,70,245.0,40.0,190,13240,320,130
242,38,70,245.0,40.0,190,13960,334,144
245,40,70,245.0,40.0,195,14685,344,149
241,44,70,245.0,40.0,195,16125,323,128
249,37,70,245.0,40.0,196,13606,362,166
249,42,70,245.0,40.0,201,15411,332,131
248,42,70,245.0,40.0,200,15410,341,141
247,36,70,245.0,40.0,193,13243,463,270
246,44,70,245.0,40.0,200,16130,346,146
240,36,70,245.0,40.0,186,13236,317,131
252,37,71,255.0,40.0,199,13609,377,178
253,38,71,255.0,40.0,201,13971,363,162
252,37,71,255.0,40.0,199,13609,341,142
250,41,71,255.0,40.0,201,15051,345,144
259,44,71,255.0,40.0,213,16143,363,150
254,40,71,255.0,40.0,204,14694,387,183
250,37,71,255.0,40.0,197,13607,368,171
250,36,71,255.0,40.0,196,13246,477,281
257,35,71,255.0,40.0,202,12892,348,146
255,38,71,255.0,40.0,203,13973,344,141
260,41,72,265.0,40.0,211,15061,359,148
261,44,72,265.0,40.0,215,16145,363,148
261,38,72,265.0,40.0,209,13979,344,135
264,40,72,265.0,40.0,214,14704,363,149
261,42,72,265.0,40.0,213,15423,376,163
261,35,72,265.0,40.0,206,12896,367,161
261,36,72,265.0,40.0,207,13257,351,144
261,42,72,265.0,40.0,213,15423,378,165
265,36,72,265.0,40.0,211,13261,375,164
268,39,72,265.0,40.0,217,14347,378,161
274,39,73,275.0,40.0,223,14353,362,139
276,36,73,275.0,40.0,222,13272,405,183
271,35,73,275.0,40.0,216,12906,377,161
270,40,73,275.0,40.0,220,14710,387,167
277,37,73,275.0,40.0,224,13634,378,154
279,37,73,275.0,40.0,226,13636,382,156
271,36,73,275.0,40.0,217,13267,373,156
270,41,73,275.0,40.0,221,15071,384,163
271,38,73,275.0,40.0,219,13989,402,183
279,39,73,275.0,40.0,228,14358,384,156
282,35,74,285.0,40.0,227,12917,384,157
285,40,74,285.0,40.0,235,14725,384,149
283,39,74,285.0,40.0,232,14362,390,158
288,37,74,285.0,40.0,235,13645,386,151
288,40,74,285.0,40.0,238,14728,508,270
289,40,74,285.0,40.0,239,14729,415,176
282,38,74,285.0,40.0,230,14000,403,173
287,43,74,285.0,40.0,240,15810,370,130
287,42,74,285.0,40.0,239,15449,369,130
285,44,74,285.0,40.0,239,16169,428,189
299,44,75,295.0,40.0,253,16183,395,142
295,42,75,295.0,40.0,247,15457,392,145
296,38,75,295.0,40.0,244,14014,403,159
293,40,75,295.0,40.0,243,14733,380,137
298,43,75,295.0,40.0,251,15821,526,275
295,40,75,295.0,40.0,245,14735,382,137
297,36,75,295.0,40.0,243,13293,391,148
291,38,75,295.0,40.0,239,14009,395,156
297,42,75,295.0,40.0,249,15459,538,289
297,38,75,295.0,40.0,245,14015,403,158
301,44,76,305.0,40.0,255,16185,525,270
303,42,76,305.0,40.0,255,15465,545,290
309,39,76,305.0,40.0,258,14388,414,156
304,42,76,305.0,40.0,256,15466,544,288
308,38,76,305.0,40.0,256,14026,526,270
300,38,76,305.0,40.0,248,14018,524,276
301,44,76,305.0,40.0,255,16185,425,170
303,40,76,305.0,40.0,253,14743,405,152
306,37,76,305.0,40.0,253,13663,539,286
303,42,76,305.0,40.0,255,15465,448,193
312,36,77,312.5,40.0,258,13308,607,349
310,35,77,312.5,40.0,255,12945,419,164
310,44,77,312.5,40.0,264,16194,550,286
314,41,77,312.5,40.0,265,15115,427,162
314,43,77,312.5,40.0,267,15837,550,283
313,38,77,312.5,40.0,261,14031,416,155
313,38,77,312.5,40.0,261,14031,569,308
314,37,77,312.5,40.0,261,13671,533,272
314,37,77,312.5,40.0,261,13671,459,198
313,40,77,312.5,40.0,263,14753,538,275
