x,y,cell,cell_x,cell_y,opt_traj,point_id,steps_taken,extra_steps
64,22,0,65.0,20.0,12,8006,56,44
69,22,0,65.0,20.0,17,8011,143,126
66,18,0,65.0,20.0,18,6564,37,19
60,19,0,65.0,20.0,11,6919,30,19
64,22,0,65.0,20.0,12,8006,157,145
69,22,0,65.0,20.0,17,8011,39,22
65,22,0,65.0,20.0,13,8007,63,50
67,19,0,65.0,20.0,18,6926,127,109
60,17,0,65.0,20.0,13,6197,39,26
67,21,0,65.0,20.0,16,7648,41,25
77,15,1,75.0,20.0,32,5492,61,29
71,23,1,75.0,20.0,18,8374,92,74
75,20,1,75.0,20.0,25,7295,86,61
71,19,1,75.0,20.0,22,6930,158,136
75,19,1,75.0,20.0,26,6934,167,141
78,15,1,75.0,20.0,33,5493,91,58
73,15,1,75.0,20.0,28,5488,71,43
75,16,1,75.0,20.0,29,5851,47,18
78,23,1,75.0,20.0,25,8381,1001,976
77,17,1,75.0,20.0,30,6214,175,145
88,15,2,85.0,20.0,43,5503,141,98
86,16,2,85.0,20.0,40,5862,87,47
86,20,2,85.0,20.0,36,7306,106,70
83,24,2,85.0,20.0,29,8747,49,20
89,18,2,85.0,20.0,41,6587,159,118
80,15,2,85.0,20.0,35,5495,64,29
84,23,2,85.0,20.0,31,8387,57,26
82,19,2,85.0,20.0,33,6941,83,50
83,21,2,85.0,20.0,32,7664,52,20
83,21,2,85.0,20.0,32,7664,81,49
97,22,3,95.0,20.0,45,8039,97,52
93,24,3,95.0,20.0,39,8757,138,99
98,21,3,95.0,20.0,47,7679,88,41
90,17,3,95.0,20.0,43,6227,91,48
91,19,3,95.0,20.0,42,6950,1001,959
95,17,3,95.0,20.0,48,6232,69,21
90,23,3,95.0,20.0,37,8393,100,63
99,20,3,95.0,20.0,49,7319,65,16
95,21,3,95.0,20.0,44,7676,98,54
91,24,3,95.0,20.0,37,8755,97,60
105,21,4,105.0,20.0,54,7686,1001,947
101,17,4,105.0,20.0,54,6238,73,19
106,21,4,105.0,20.0,55,7687,111,56
102,18,4,105.0,20.0,54,6600,93,39
106,23,4,105.0,20.0,53,8409,76,23
106,16,4,105.0,20.0,60,5882,169,109
100,16,4,105.0,20.0,54,5876,1001,947
103,15,4,105.0,20.0,58,5518,111,53
100,16,4,105.0,20.0,54,5876,93,39
101,23,4,105.0,20.0,48,8404,110,62
110,15,5,115.0,20.0,65,5525,151,86
119,18,5,115.0,20.0,71,6617,189,118
119,20,5,115.0,20.0,69,7339,155,86
111,24,5,115.0,20.0,57,8775,1001,944
111,15,5,115.0,20.0,66,5526,167,101
110,16,5,115.0,20.0,64,5886,1001,937
111,23,5,115.0,20.0,58,8414,93,35
110,17,5,115.0,20.0,63,6247,83,20
114,24,5,115.0,20.0,60,8778,162,102
116,21,5,115.0,20.0,65,7697,148,83
122,24,6,125.0,20.0,68,8786,258,190
122,17,6,125.0,20.0,75,6259,184,109
122,21,6,125.0,20.0,71,7703,213,142
122,17,6,125.0,20.0,75,6259,179,104
124,19,6,125.0,20.0,75,6983,186,111
121,24,6,125.0,20.0,67,8785,350,283
126,19,6,125.0,20.0,77,6985,179,102
129,17,6,125.0,20.0,82,6266,185,103
125,18,6,125.0,20.0,77,6623,182,105
126,17,6,125.0,20.0,79,6263,188,109
135,23,7,135.0,20.0,82,8438,209,127
131,21,7,135.0,20.0,80,7712,229,149
136,20,7,135.0,20.0,86,7356,212,126
130,15,7,135.0,20.0,85,5545,167,82
138,20,7,135.0,20.0,88,7358,217,129
131,18,7,135.0,20.0,83,6629,180,97
134,22,7,135.0,20.0,82,8076,239,157
135,21,7,135.0,20.0,84,7716,224,140
135,24,7,135.0,20.0,81,8799,292,211
134,15,7,135.0,20.0,89,5549,172,83
148,22,8,145.0,20.0,96,8090,240,144
142,19,8,145.0,20.0,93,7001,198,105
145,24,8,145.0,20.0,91,8809,1001,910
142,16,8,145.0,20.0,96,5918,181,85
142,22,8,145.0,20.0,90,8084,209,119
148,19,8,145.0,20.0,99,7007,229,130
141,20,8,145.0,20.0,91,7361,218,127
147,20,8,145.0,20.0,97,7367,219,122
149,24,8,145.0,20.0,95,8813,253,158
147,15,8,145.0,20.0,102,5562,248,146
158,16,9,155.0,20.0,112,5934,197,85
151,20,9,155.0,20.0,101,7371,219,118
157,17,9,155.0,20.0,110,6294,218,108
156,18,9,155.0,20.0,108,6654,272,164
155,15,9,155.0,20.0,110,5570,245,135
156,22,9,155.0,20.0,104,8098,250,146
157,21,9,155.0,20.0,106,7738,223,117
155,19,9,155.0,20.0,106,7014,215,109
156,22,9,155.0,20.0,104,8098,275,171
158,18,9,155.0,20.0,110,6656,220,110
161,23,10,165.0,20.0,108,8464,290,182
166,23,10,165.0,20.0,113,8469,234,121
161,16,10,165.0,20.0,115,5937,215,100
166,16,10,165.0,20.0,120,5942,1001,881
169,17,10,165.0,20.0,122,6306,1001,879
167,19,10,165.0,20.0,118,7026,366,248
166,24,10,165.0,20.0,112,8830,278,166
161,18,10,165.0,20.0,113,6659,225,112
163,21,10,165.0,20.0,112,7744,248,136
163,19,10,165.0,20.0,114,7022,362,248
172,16,11,175.0,20.0,126,5948,1001,875
175,22,11,175.0,20.0,123,8117,248,125
178,15,11,175.0,20.0,133,5593,1001,868
176,20,11,175.0,20.0,126,7396,418,292
173,24,11,175.0,20.0,119,8837,273,154
170,20,11,175.0,20.0,120,7390,254,134
179,20,11,175.0,20.0,129,7399,295,166
174,19,11,175.0,20.0,125,7033,285,160
170,17,11,175.0,20.0,123,6307,644,521
178,16,11,175.0,20.0,132,5954,1001,869
188,20,12,185.0,20.0,138,7408,317,179
184,19,12,185.0,20.0,135,7043,294,159
181,20,12,185.0,20.0,131,7401,363,232
181,18,12,185.0,20.0,133,6679,1001,868
180,16,12,185.0,20.0,134,5956,385,251
186,17,12,185.0,20.0,139,6323,1001,862
188,21,12,185.0,20.0,137,7769,337,200
187,19,12,185.0,20.0,138,7046,1001,863
185,15,12,185.0,20.0,140,5600,389,249
183,15,12,185.0,20.0,138,5598,1001,863
195,20,13,195.0,20.0,145,7415,319,174
192,21,13,195.0,20.0,141,7773,1001,860
193,16,13,195.0,20.0,147,5969,715,568
192,16,13,195.0,20.0,146,5968,364,218
195,15,13,195.0,20.0,150,5610,1001,851
193,21,13,195.0,20.0,142,7774,1001,859
198,20,13,195.0,20.0,148,7418,321,173
190,17,13,195.0,20.0,143,6327,1001,858
195,21,13,195.0,20.0,144,7776,291,147
197,15,13,195.0,20.0,152,5612,399,247
208,15,14,205.0,20.0,163,5623,518,355
209,24,14,205.0,20.0,155,8873,264,109
200,22,14,205.0,20.0,148,8142,313,165
203,19,14,205.0,20.0,154,7062,380,226
207,15,14,205.0,20.0,162,5622,352,190
206,23,14,205.0,20.0,153,8509,329,176
208,17,14,205.0,20.0,161,6345,385,224
206,24,14,205.0,20.0,152,8870,264,112
202,18,14,205.0,20.0,154,6700,312,158
200,18,14,205.0,20.0,152,6698,313,161
214,17,15,215.0,20.0,167,6351,717,550
219,16,15,215.0,20.0,173,5995,1001,828
216,23,15,215.0,20.0,163,8519,272,109
219,20,15,215.0,20.0,169,7439,345,176
215,24,15,215.0,20.0,161,8879,271,110
219,19,15,215.0,20.0,170,7078,314,144
215,15,15,215.0,20.0,170,5630,385,215
212,23,15,215.0,20.0,159,8515,343,184
213,17,15,215.0,20.0,166,6350,1001,835
211,15,15,215.0,20.0,166,5626,767,601
225,20,16,225.0,20.0,175,7445,707,532
220,16,16,225.0,20.0,174,5996,329,155
226,24,16,225.0,20.0,172,8890,352,180
226,19,16,225.0,20.0,177,7085,321,144
224,17,16,225.0,20.0,177,6361,697,520
222,20,16,225.0,20.0,172,7442,324,152
225,19,16,225.0,20.0,176,7084,696,520
220,16,16,225.0,20.0,174,5996,688,514
229,22,16,225.0,20.0,177,8171,368,191
225,19,16,225.0,20.0,176,7084,317,141
232,20,17,235.0,20.0,182,7452,429,247
231,21,17,235.0,20.0,180,7812,431,251
239,23,17,235.0,20.0,186,8542,484,298
233,21,17,235.0,20.0,182,7814,327,145
232,18,17,235.0,20.0,184,6730,400,216
233,18,17,235.0,20.0,185,6731,399,214
232,24,17,235.0,20.0,178,8896,492,314
235,15,17,235.0,20.0,190,5650,402,212
233,18,17,235.0,20.0,185,6731,355,170
238,17,17,235.0,20.0,191,6375,411,220
244,19,18,245.0,20.0,195,7103,387,192
245,16,18,245.0,20.0,199,6021,393,194
249,21,18,245.0,20.0,198,7830,423,225
243,22,18,245.0,20.0,191,8185,440,249
248,17,18,245.0,20.0,201,6385,410,209
240,18,18,245.0,20.0,192,6738,392,200
248,23,18,245.0,20.0,195,8551,428,233
244,16,18,245.0,20.0,198,6020,407,209
242,18,18,245.0,20.0,194,6740,390,196
247,15,18,245.0,20.0,202,5662,404,202
256,19,19,255.0,20.0,207,7115,375,168
250,16,19,255.0,20.0,204,6026,400,196
253,21,19,255.0,20.0,202,7834,438,236
253,23,19,255.0,20.0,200,8556,460,260
256,19,19,255.0,20.0,207,7115,375,168
251,20,19,255.0,20.0,201,7471,402,201
258,22,19,255.0,20.0,206,8200,422,216
257,22,19,255.0,20.0,205,8199,1001,796
258,24,19,255.0,20.0,204,8922,462,258
254,16,19,255.0,20.0,208,6030,381,173
268,16,20,265.0,20.0,222,6044,385,163
263,15,20,265.0,20.0,218,5678,381,163
269,24,20,265.0,20.0,215,8933,404,189
262,20,20,265.0,20.0,212,7482,404,192
268,19,20,265.0,20.0,219,7127,407,188
264,16,20,265.0,20.0,218,6040,380,162
264,21,20,265.0,20.0,213,7845,1001,788
267,19,20,265.0,20.0,218,7126,592,374
260,24,20,265.0,20.0,206,8924,417,211
260,21,20,265.0,20.0,209,7841,418,209
270,16,21,275.0,20.0,224,6046,418,194
278,22,21,275.0,20.0,226,8220,453,227
278,17,21,275.0,20.0,231,6415,442,211
274,22,21,275.0,20.0,222,8216,1001,779
278,15,21,275.0,20.0,233,5693,437,204
277,16,21,275.0,20.0,231,6053,448,217
279,17,21,275.0,20.0,232,6416,424,192
276,16,21,275.0,20.0,230,6052,409,179
279,16,21,275.0,20.0,233,6055,391,158
276,21,21,275.0,20.0,225,7857,408,183
284,19,22,285.0,20.0,235,7143,402,167
281,19,22,285.0,20.0,232,7140,393,161
280,16,22,285.0,20.0,234,6056,397,163
284,23,22,285.0,20.0,231,8587,395,164
280,23,22,285.0,20.0,227,8583,384,157
281,20,22,285.0,20.0,231,7501,412,181
283,17,22,285.0,20.0,236,6420,413,177
284,20,22,285.0,20.0,234,7504,423,189
285,20,22,285.0,20.0,235,7505,1001,766
289,23,22,285.0,20.0,236,8592,393,157
299,16,23,295.0,20.0,253,6075,654,401
299,21,23,295.0,20.0,248,7880,456,208
290,24,23,295.0,20.0,236,8954,402,166
297,23,23,295.0,20.0,244,8600,424,180
294,18,23,295.0,20.0,246,6792,418,172
298,15,23,295.0,20.0,253,5713,507,254
297,15,23,295.0,20.0,252,5712,619,367
298,16,23,295.0,20.0,252,6074,440,188
291,15,23,295.0,20.0,246,5706,553,307
293,23,23,295.0,20.0,240,8596,417,177
308,23,24,305.0,20.0,255,8611,501,246
307,20,24,305.0,20.0,257,7527,591,334
308,24,24,305.0,20.0,254,8972,1001,747
300,16,24,305.0,20.0,254,6076,593,339
307,21,24,305.0,20.0,256,7888,605,349
301,23,24,305.0,20.0,248,8604,407,159
308,23,24,305.0,20.0,255,8611,438,183
303,20,24,305.0,20.0,253,7523,443,190
303,23,24,305.0,20.0,250,8606,446,196
303,23,24,305.0,20.0,250,8606,409,159
310,20,25,312.5,20.0,260,7530,463,203
313,19,25,312.5,20.0,264,7172,590,326
312,23,25,312.5,20.0,259,8615,465,206
311,19,25,312.5,20.0,262,7170,584,322
311,16,25,312.5,20.0,265,6087,569,304
314,17,25,312.5,20.0,267,6451,586,319
314,21,25,312.5,20.0,263,7895,593,330
312,17,25,312.5,20.0,265,6449,465,200
314,23,25,312.5,20.0,261,8617,437,176
310,24,25,312.5,20.0,256,8974,445,189
69,32,26,65.0,30.0,11,11621,23,12
61,26,26,65.0,30.0,5,9447,63,58
60,33,26,65.0,30.0,3,11973,4,1
67,29,26,65.0,30.0,8,10536,61,53
63,27,26,65.0,30.0,6,9810,61,55
63,27,26,65.0,30.0,6,9810,30,24
63,34,26,65.0,30.0,7,12337,39,32
68,34,26,65.0,30.0,12,12342,33,21
64,30,26,65.0,30.0,4,10894,70,66
64,32,26,65.0,30.0,6,11616,13,7
76,31,27,75.0,30.0,17,11267,188,171
74,34,27,75.0,30.0,18,12348,30,12
72,26,27,75.0,30.0,16,9458,51,35
74,26,27,75.0,30.0,18,9460,170,152
76,27,27,75.0,30.0,19,9823,333,314
70,33,27,75.0,30.0,13,11983,29,16
76,30,27,75.0,30.0,16,10906,37,21
77,33,27,75.0,30.0,20,11990,62,42
73,33,27,75.0,30.0,16,11986,75,59
73,30,27,75.0,30.0,13,10903,18,5
83,32,28,85.0,30.0,25,11635,31,6
84,26,28,85.0,30.0,28,9470,48,20
80,29,28,85.0,30.0,21,10549,32,11
81,27,28,85.0,30.0,24,9828,46,22
87,26,28,85.0,30.0,31,9473,180,149
89,34,28,85.0,30.0,33,12363,37,4
83,33,28,85.0,30.0,26,11996,44,18
81,32,28,85.0,30.0,23,11633,64,41
82,30,28,85.0,30.0,22,10912,1001,979
86,30,28,85.0,30.0,26,10916,46,20
91,30,29,95.0,30.0,31,10921,222,191
98,29,29,95.0,30.0,39,10567,78,39
94,30,29,95.0,30.0,34,10924,123,89
94,27,29,95.0,30.0,37,9841,220,183
92,28,29,95.0,30.0,34,10200,106,72
91,30,29,95.0,30.0,31,10921,120,89
90,25,29,95.0,30.0,35,9115,84,49
99,34,29,95.0,30.0,43,12373,89,46
95,31,29,95.0,30.0,36,11286,95,59
92,26,29,95.0,30.0,36,9478,147,111
105,30,30,105.0,30.0,45,10935,108,63
109,34,30,105.0,30.0,53,12383,162,109
104,32,30,105.0,30.0,46,11656,106,60
105,30,30,105.0,30.0,45,10935,122,77
102,31,30,105.0,30.0,43,11293,88,45
101,31,30,105.0,30.0,42,11292,100,58
109,28,30,105.0,30.0,51,10217,123,72
105,27,30,105.0,30.0,48,9852,115,67
106,33,30,105.0,30.0,49,12019,120,71
107,34,30,105.0,30.0,51,12381,1001,950
118,33,31,115.0,30.0,61,12031,94,33
119,34,31,115.0,30.0,63,12393,135,72
110,26,31,115.0,30.0,54,9496,129,75
113,28,31,115.0,30.0,55,10221,1001,946
118,30,31,115.0,30.0,58,10948,86,28
118,33,31,115.0,30.0,61,12031,87,26
117,32,31,115.0,30.0,59,11669,125,66
116,27,31,115.0,30.0,59,9863,135,76
116,25,31,115.0,30.0,61,9141,76,15
116,32,31,115.0,30.0,58,11668,124,66
129,30,32,125.0,30.0,69,10959,448,379
122,27,32,125.0,30.0,65,9869,215,150
127,32,32,125.0,30.0,69,11679,1001,932
123,34,32,125.0,30.0,67,12397,1001,934
125,34,32,125.0,30.0,69,12399,849,780
127,27,32,125.0,30.0,70,9874,1001,931
129,26,32,125.0,30.0,73,9515,1001,928
120,28,32,125.0,30.0,62,10228,219,157
129,25,32,125.0,30.0,74,9154,346,272
120,32,32,125.0,30.0,62,11672,1001,939
132,26,33,135.0,30.0,76,9518,225,149
139,33,33,135.0,30.0,82,12052,833,751
136,33,33,135.0,30.0,79,12049,913,834
137,34,33,135.0,30.0,81,12411,856,775
135,33,33,135.0,30.0,78,12048,1001,923
132,34,33,135.0,30.0,76,12406,871,795
137,28,33,135.0,30.0,79,10245,208,129
136,33,33,135.0,30.0,79,12049,1001,922
139,26,33,135.0,30.0,83,9525,194,111
135,32,33,135.0,30.0,77,11687,317,240
145,32,34,145.0,30.0,87,11697,823,736
143,29,34,145.0,30.0,84,10612,256,172
140,31,34,145.0,30.0,81,11331,428,347
144,25,34,145.0,30.0,89,9169,218,129
146,33,34,145.0,30.0,89,12059,825,736
146,34,34,145.0,30.0,90,12420,1001,911
148,34,34,145.0,30.0,92,12422,796,704
142,33,34,145.0,30.0,85,12055,601,516
147,29,34,145.0,30.0,88,10616,342,254
142,28,34,145.0,30.0,84,10250,333,249
150,29,35,155.0,30.0,91,10619,1001,910
159,29,35,155.0,30.0,100,10628,274,174
150,25,35,155.0,30.0,95,9175,217,122
153,34,35,155.0,30.0,97,12427,855,758
153,26,35,155.0,30.0,97,9539,269,172
152,32,35,155.0,30.0,94,11704,326,232
159,30,35,155.0,30.0,99,10989,334,235
152,34,35,155.0,30.0,96,12426,822,726
151,34,35,155.0,30.0,95,12425,826,731
155,27,35,155.0,30.0,98,9902,256,158
164,33,36,165.0,30.0,107,12077,1001,894
169,27,36,165.0,30.0,112,9916,241,129
164,26,36,165.0,30.0,108,9550,250,142
167,34,36,165.0,30.0,111,12441,444,333
162,32,36,165.0,30.0,104,11714,270,166
160,27,36,165.0,30.0,103,9907,272,169
160,33,36,165.0,30.0,103,12073,366,263
162,27,36,165.0,30.0,105,9909,236,131
166,33,36,165.0,30.0,109,12079,1001,892
160,26,36,165.0,30.0,104,9546,239,135
174,27,37,175.0,30.0,117,9921,245,128
175,34,37,175.0,30.0,119,12449,760,641
173,30,37,175.0,30.0,113,11003,290,177
174,33,37,175.0,30.0,117,12087,361,244
173,34,37,175.0,30.0,117,12447,1001,884
171,34,37,175.0,30.0,115,12445,1001,886
170,33,37,175.0,30.0,113,12083,1001,888
173,26,37,175.0,30.0,117,9559,252,135
176,32,37,175.0,30.0,118,11728,292,174
171,31,37,175.0,30.0,112,11362,256,144
185,33,38,185.0,30.0,128,12098,274,146
189,32,38,185.0,30.0,131,11741,292,161
181,29,38,185.0,30.0,122,10650,272,150
189,30,38,185.0,30.0,129,11019,298,169
185,28,38,185.0,30.0,127,10293,268,141
182,33,38,185.0,30.0,125,12095,340,215
180,30,38,185.0,30.0,120,11010,254,134
187,31,38,185.0,30.0,128,11378,347,219
180,34,38,185.0,30.0,124,12454,264,140
187,25,38,185.0,30.0,132,9212,244,112
198,33,39,195.0,30.0,141,12111,450,309
194,28,39,195.0,30.0,136,10302,257,121
191,31,39,195.0,30.0,132,11382,326,194
193,30,39,195.0,30.0,133,11023,256,123
194,28,39,195.0,30.0,136,10302,262,126
197,25,39,195.0,30.0,142,9222,252,110
195,33,39,195.0,30.0,138,12108,284,146
198,32,39,195.0,30.0,140,11750,293,153
195,29,39,195.0,30.0,136,10664,307,171
194,33,39,195.0,30.0,137,12107,1001,864
206,34,40,205.0,30.0,150,12480,324,174
204,27,40,205.0,30.0,147,9951,325,178
203,30,40,205.0,30.0,143,11033,276,133
200,33,40,205.0,30.0,143,12113,321,178
203,25,40,205.0,30.0,148,9228,323,175
203,30,40,205.0,30.0,143,11033,303,160
202,26,40,205.0,30.0,146,9588,265,119
207,29,40,205.0,30.0,148,10676,324,176
206,33,40,205.0,30.0,149,12119,433,284
209,33,40,205.0,30.0,152,12122,1001,849
218,29,41,215.0,30.0,159,10687,308,149
211,33,41,215.0,30.0,154,12124,294,140
210,34,41,215.0,30.0,154,12484,360,206
218,30,41,215.0,30.0,158,11048,330,172
213,28,41,215.0,30.0,155,10321,286,131
217,33,41,215.0,30.0,160,12130,315,155
212,28,41,215.0,30.0,154,10320,298,144
211,33,41,215.0,30.0,154,12124,441,287
218,29,41,215.0,30.0,159,10687,1001,842
211,33,41,215.0,30.0,154,12124,286,132
226,25,42,225.0,30.0,171,9251,425,254
226,28,42,225.0,30.0,168,10334,323,155
225,30,42,225.0,30.0,165,11055,340,175
229,28,42,225.0,30.0,171,10337,329,158
227,29,42,225.0,30.0,168,10696,311,143
227,25,42,225.0,30.0,172,9252,299,127
223,30,42,225.0,30.0,163,11053,290,127
227,34,42,225.0,30.0,171,12501,390,219
220,34,42,225.0,30.0,164,12494,315,151
228,34,42,225.0,30.0,172,12502,342,170
235,33,43,235.0,30.0,178,12148,374,196
239,28,43,235.0,30.0,181,10347,499,318
235,29,43,235.0,30.0,176,10704,1001,825
235,27,43,235.0,30.0,178,9982,492,314
238,33,43,235.0,30.0,181,12151,467,286
239,33,43,235.0,30.0,182,12152,366,184
230,30,43,235.0,30.0,170,11060,315,145
232,25,43,235.0,30.0,177,9257,1001,824
239,30,43,235.0,30.0,179,11069,509,330
239,29,43,235.0,30.0,180,10708,482,302
245,31,44,245.0,30.0,186,11436,487,301
241,29,44,245.0,30.0,182,10710,462,280
243,31,44,245.0,30.0,184,11434,493,309
249,29,44,245.0,30.0,190,10718,599,409
249,27,44,245.0,30.0,192,9996,489,297
241,34,44,245.0,30.0,185,12515,497,312
244,25,44,245.0,30.0,189,9269,1001,812
247,28,44,245.0,30.0,189,10355,455,266
241,34,44,245.0,30.0,185,12515,1001,816
246,27,44,245.0,30.0,189,9993,488,299
252,34,45,255.0,30.0,196,12526,494,298
253,34,45,255.0,30.0,197,12527,1001,804
257,25,45,255.0,30.0,202,9282,435,233
251,32,45,255.0,30.0,193,11803,614,421
258,33,45,255.0,30.0,201,12171,381,180
258,26,45,255.0,30.0,202,9644,396,194
250,27,45,255.0,30.0,193,9997,438,245
259,29,45,255.0,30.0,200,10728,1001,801
254,33,45,255.0,30.0,197,12167,544,347
254,32,45,255.0,30.0,196,11806,1001,805
260,30,46,265.0,30.0,200,11090,429,229
260,27,46,265.0,30.0,203,10007,394,191
266,30,46,265.0,30.0,206,11096,400,194
266,28,46,265.0,30.0,208,10374,363,155
262,28,46,265.0,30.0,204,10370,605,401
262,28,46,265.0,30.0,204,10370,400,196
266,33,46,265.0,30.0,209,12179,359,150
262,26,46,265.0,30.0,206,9648,480,274
264,29,46,265.0,30.0,205,10733,415,210
267,33,46,265.0,30.0,210,12180,420,210
272,31,47,275.0,30.0,213,11463,504,291
276,29,47,275.0,30.0,217,10745,453,236
275,32,47,275.0,30.0,217,11827,400,183
277,27,47,275.0,30.0,220,10024,395,175
279,33,47,275.0,30.0,222,12192,432,210
277,30,47,275.0,30.0,217,11107,449,232
270,31,47,275.0,30.0,211,11461,1001,790
273,32,47,275.0,30.0,215,11825,421,206
272,31,47,275.0,30.0,213,11463,397,184
270,25,47,275.0,30.0,215,9295,428,213
289,27,48,285.0,30.0,232,10036,416,184
280,31,48,285.0,30.0,221,11471,411,190
281,27,48,285.0,30.0,224,10028,410,186
280,31,48,285.0,30.0,221,11471,509,288
285,29,48,285.0,30.0,226,10754,1001,775
287,34,48,285.0,30.0,231,12561,379,148
285,28,48,285.0,30.0,227,10393,451,224
289,26,48,285.0,30.0,233,9675,413,180
286,28,48,285.0,30.0,228,10394,394,166
289,31,48,285.0,30.0,230,11480,423,193
299,29,49,295.0,30.0,240,10768,474,234
296,27,49,295.0,30.0,239,10043,473,234
296,25,49,295.0,30.0,241,9321,399,158
293,33,49,295.0,30.0,236,12206,386,150
293,25,49,295.0,30.0,238,9318,427,189
299,34,49,295.0,30.0,243,12573,418,175
295,31,49,295.0,30.0,236,11486,424,188
294,31,49,295.0,30.0,235,11485,439,204
292,25,49,295.0,30.0,237,9317,415,178
291,29,49,295.0,30.0,232,10760,469,237
306,26,50,305.0,30.0,250,9692,564,314
300,31,50,305.0,30.0,241,11491,1001,760
302,31,50,305.0,30.0,243,11493,449,206
303,32,50,305.0,30.0,245,11855,440,195
309,27,50,305.0,30.0,252,10056,462,210
307,31,50,305.0,30.0,248,11498,515,267
301,31,50,305.0,30.0,242,11492,418,176
308,30,50,305.0,30.0,248,11138,564,316
301,28,50,305.0,30.0,243,10409,464,221
306,26,50,305.0,30.0,250,9692,1001,751
313,33,51,312.5,30.0,256,12226,451,195
310,26,51,312.5,30.0,254,9696,603,349
310,33,51,312.5,30.0,253,12223,1001,748
313,32,51,312.5,30.0,255,11865,591,336
312,26,51,312.5,30.0,256,9698,580,324
314,31,51,312.5,30.0,255,11505,547,292
310,29,51,312.5,30.0,251,10779,448,197
310,32,51,312.5,30.0,252,11862,500,248
310,27,51,312.5,30.0,253,10057,576,323
313,33,51,312.5,30.0,256,12226,494,238
69,43,52,65.0,40.0,22,15592,99,77
66,44,52,65.0,40.0,20,15950,1001,981
62,35,52,65.0,40.0,7,12697,25,18
67,43,52,65.0,40.0,20,15590,85,65
69,43,52,65.0,40.0,22,15592,75,53
63,43,52,65.0,40.0,16,15586,74,58
61,38,52,65.0,40.0,9,13779,199,190
64,36,52,65.0,40.0,10,13060,87,77
60,41,52,65.0,40.0,11,14861,96,85
63,43,52,65.0,40.0,16,15586,64,48
74,44,53,75.0,40.0,28,15958,1001,973
78,43,53,75.0,40.0,31,15601,116,85
76,38,53,75.0,40.0,24,13794,74,50
70,43,53,75.0,40.0,23,15593,1001,978
77,37,53,75.0,40.0,24,13434,26,2
70,35,53,75.0,40.0,15,12705,96,81
73,37,53,75.0,40.0,20,13430,25,5
70,42,53,75.0,40.0,22,15232,1001,979
77,38,53,75.0,40.0,25,13795,67,42
72,39,53,75.0,40.0,21,14151,79,58
80,36,54,85.0,40.0,26,13076,44,18
85,44,54,85.0,40.0,39,15969,81,42
88,35,54,85.0,40.0,33,12723,37,4
85,44,54,85.0,40.0,39,15969,85,46
85,35,54,85.0,40.0,30,12720,61,31
83,41,54,85.0,40.0,34,14884,121,87
86,35,54,85.0,40.0,31,12721,35,4
84,38,54,85.0,40.0,32,13802,44,12
83,39,54,85.0,40.0,32,14162,56,24
88,38,54,85.0,40.0,36,13806,54,18
98,37,55,95.0,40.0,45,13455,69,24
95,41,55,95.0,40.0,46,14896,88,42
99,37,55,95.0,40.0,46,13456,49,3
90,44,55,95.0,40.0,44,15974,1001,957
92,36,55,95.0,40.0,38,13088,40,2
95,37,55,95.0,40.0,42,13452,53,11
96,42,55,95.0,40.0,48,15258,102,54
97,37,55,95.0,40.0,44,13454,47,3
96,41,55,95.0,40.0,47,14897,1001,954
94,42,55,95.0,40.0,46,15256,124,78
105,41,56,105.0,40.0,56,14906,125,69
103,41,56,105.0,40.0,54,14904,65,11
109,41,56,105.0,40.0,60,14910,89,29
107,37,56,105.0,40.0,54,13464,163,109
102,40,56,105.0,40.0,52,14542,90,38
100,44,56,105.0,40.0,54,15984,97,43
107,42,56,105.0,40.0,59,15269,116,57
108,40,56,105.0,40.0,58,14548,81,23
104,37,56,105.0,40.0,51,13461,133,82
106,40,56,105.0,40.0,56,14546,87,31
114,36,57,115.0,40.0,60,13110,97,37
117,42,57,115.0,40.0,69,15279,93,24
114,42,57,115.0,40.0,66,15276,99,33
118,35,57,115.0,40.0,63,12753,130,67
116,43,57,115.0,40.0,69,15639,152,83
112,39,57,115.0,40.0,61,14191,92,31
115,44,57,115.0,40.0,69,15999,112,43
110,35,57,115.0,40.0,55,12745,97,42
110,39,57,115.0,40.0,59,14189,134,75
113,36,57,115.0,40.0,59,13109,137,78
123,40,58,125.0,40.0,73,14563,955,882
128,40,58,125.0,40.0,78,14568,873,795
129,35,58,125.0,40.0,74,12764,858,784
124,42,58,125.0,40.0,76,15286,902,826
124,44,58,125.0,40.0,78,16008,907,829
124,40,58,125.0,40.0,74,14564,888,814
124,37,58,125.0,40.0,71,13481,884,813
121,43,58,125.0,40.0,74,15644,170,96
128,40,58,125.0,40.0,78,14568,891,813
126,42,58,125.0,40.0,78,15288,928,850
133,39,59,135.0,40.0,82,14212,885,803
131,41,59,135.0,40.0,82,14932,874,792
136,42,59,135.0,40.0,88,15298,884,796
137,35,59,135.0,40.0,82,12772,842,760
136,40,59,135.0,40.0,86,14576,864,778
137,35,59,135.0,40.0,82,12772,842,760
138,39,59,135.0,40.0,87,14217,839,752
138,39,59,135.0,40.0,87,14217,854,767
137,35,59,135.0,40.0,82,12772,842,760
139,39,59,135.0,40.0,88,14218,848,760
145,43,60,145.0,40.0,98,15668,1001,903
141,38,60,145.0,40.0,89,13859,888,799
149,36,60,145.0,40.0,95,13145,822,727
145,36,60,145.0,40.0,91,13141,1001,910
140,36,60,145.0,40.0,86,13136,853,767
148,38,60,145.0,40.0,96,13866,835,739
141,35,60,145.0,40.0,86,12776,848,762
149,35,60,145.0,40.0,94,12784,794,700
144,43,60,145.0,40.0,97,15667,836,739
144,35,60,145.0,40.0,89,12779,842,753
152,36,61,155.0,40.0,98,13148,803,705
158,41,61,155.0,40.0,109,14959,857,748
155,38,61,155.0,40.0,103,13873,812,709
155,37,61,155.0,40.0,102,13512,813,711
154,36,61,155.0,40.0,100,13150,821,721
154,38,61,155.0,40.0,102,13872,861,759
155,41,61,155.0,40.0,106,14956,843,737
151,39,61,155.0,40.0,100,14230,810,710
150,35,61,155.0,40.0,95,12785,793,698
158,41,61,155.0,40.0,109,14959,822,713
161,37,62,165.0,40.0,108,13518,814,706
163,38,62,165.0,40.0,111,13881,784,673
161,37,62,165.0,40.0,108,13518,806,698
168,35,62,165.0,40.0,113,12803,827,714
168,41,62,165.0,40.0,119,14969,765,646
160,43,62,165.0,40.0,113,15683,845,732
161,43,62,165.0,40.0,114,15684,793,679
168,37,62,165.0,40.0,115,13525,808,693
167,37,62,165.0,40.0,114,13524,802,688
161,37,62,165.0,40.0,108,13518,814,706
172,42,63,175.0,40.0,124,15334,823,699
172,35,63,175.0,40.0,117,12807,765,648
177,40,63,175.0,40.0,127,14617,834,707
179,35,63,175.0,40.0,124,12814,275,151
170,42,63,175.0,40.0,122,15332,783,661
174,44,63,175.0,40.0,128,16058,868,740
176,37,63,175.0,40.0,123,13533,795,672
170,40,63,175.0,40.0,120,14610,840,720
176,38,63,175.0,40.0,124,13894,790,666
171,43,63,175.0,40.0,124,15694,787,663
187,35,64,185.0,40.0,132,12822,293,161
187,37,64,185.0,40.0,134,13544,273,139
189,43,64,185.0,40.0,142,15712,462,320
181,39,64,185.0,40.0,130,14260,267,137
185,35,64,185.0,40.0,130,12820,303,173
180,38,64,185.0,40.0,128,13898,316,188
189,36,64,185.0,40.0,135,13185,312,177
188,36,64,185.0,40.0,134,13184,335,201
185,43,64,185.0,40.0,138,15708,290,152
183,43,64,185.0,40.0,136,15706,1001,865
198,44,65,195.0,40.0,152,16082,1001,849
198,43,65,195.0,40.0,151,15721,296,145
193,41,65,195.0,40.0,144,14994,285,141
192,35,65,195.0,40.0,137,12827,290,153
193,43,65,195.0,40.0,146,15716,326,180
191,41,65,195.0,40.0,142,14992,1001,859
190,35,65,195.0,40.0,135,12825,275,140
194,37,65,195.0,40.0,141,13551,277,136
196,37,65,195.0,40.0,143,13553,1001,858
196,35,65,195.0,40.0,141,12831,292,151
202,35,66,205.0,40.0,147,12837,362,215
209,42,66,205.0,40.0,161,15371,312,151
205,39,66,205.0,40.0,154,14284,1001,847
201,44,66,205.0,40.0,155,16085,296,141
205,36,66,205.0,40.0,151,13201,369,218
206,36,66,205.0,40.0,152,13202,1001,849
205,38,66,205.0,40.0,153,13923,318,165
201,37,66,205.0,40.0,148,13558,290,142
204,39,66,205.0,40.0,153,14283,300,147
206,42,66,205.0,40.0,158,15368,332,174
215,43,67,215.0,40.0,168,15738,331,163
216,38,67,215.0,40.0,164,13934,293,129
213,40,67,215.0,40.0,163,14653,310,147
212,43,67,215.0,40.0,165,15735,294,129
212,35,67,215.0,40.0,157,12847,286,129
216,38,67,215.0,40.0,164,13934,314,150
211,44,67,215.0,40.0,165,16095,328,163
214,39,67,215.0,40.0,163,14293,290,127
214,37,67,215.0,40.0,161,13571,345,184
213,41,67,215.0,40.0,164,15014,366,202
226,42,68,225.0,40.0,178,15388,1001,823
225,43,68,225.0,40.0,178,15748,306,128
224,43,68,225.0,40.0,177,15747,307,130
226,43,68,225.0,40.0,179,15749,1001,822
221,39,68,225.0,40.0,170,14300,311,141
225,37,68,225.0,40.0,172,13582,314,142
228,39,68,225.0,40.0,177,14307,313,136
226,37,68,225.0,40.0,173,13583,306,133
222,36,68,225.0,40.0,168,13218,352,184
225,38,68,225.0,40.0,173,13943,315,142
231,36,69,235.0,40.0,177,13227,400,223
237,35,69,235.0,40.0,182,12872,355,173
237,42,69,235.0,40.0,189,15399,356,167
233,43,69,235.0,40.0,186,15756,361,175
236,40,69,235.0,40.0,186,14676,336,150
230,40,69,235.0,40.0,180,14670,313,133
234,44,69,235.0,40.0,188,16118,353,165
234,44,69,235.0,40.0,188,16118,348,160
234,40,69,235.0,40.0,184,14674,373,189
230,35,69,235.0,40.0,175,12865,345,170
246,43,70,245.0,40.0,199,15769,336,137
247,37,70,245.0,40.0,194,13604,365,171
241,41,70,245.0,40.0,192,15042,362,170
242,44,70,245.0,40.0,196,16126,355,159
249,36,70,245.0,40.0,195,13245,1001,806
242,37,70,245.0,40.0,189,13599,393,204
240,35,70,245.0,40.0,185,12875,478,293
248,39,70,245.0,40.0,197,14327,377,180
244,38,70,245.0,40.0,192,13962,409,217
249,43,70,245.0,40.0,202,15772,363,161
259,41,71,255.0,40.0,210,15060,436,226
259,38,71,255.0,40.0,207,13977,378,171
258,44,71,255.0,40.0,212,16142,412,200
254,43,71,255.0,40.0,207,15777,335,128
258,44,71,255.0,40.0,212,16142,359,147
259,43,71,255.0,40.0,212,15782,340,128
259,39,71,255.0,40.0,208,14338,355,147
254,38,71,255.0,40.0,202,13972,381,179
251,40,71,255.0,40.0,201,14691,361,160
259,44,71,255.0,40.0,213,16143,373,160
267,35,72,265.0,40.0,212,12902,1001,789
263,39,72,265.0,40.0,212,14342,350,138
267,39,72,265.0,40.0,216,14346,354,138
264,35,72,265.0,40.0,209,12899,493,284
263,41,72,265.0,40.0,214,15064,382,168
268,44,72,265.0,40.0,222,16152,366,144
264,39,72,265.0,40.0,213,14343,391,178
262,37,72,265.0,40.0,209,13619,378,169
268,42,72,265.0,40.0,220,15430,388,168
264,38,72,265.0,40.0,212,13982,399,187
278,41,73,275.0,40.0,229,15079,456,227
279,40,73,275.0,40.0,229,14719,419,190
277,41,73,275.0,40.0,228,15078,367,139
272,39,73,275.0,40.0,221,14351,380,159
274,39,73,275.0,40.0,223,14353,411,188
273,40,73,275.0,40.0,223,14713,385,162
276,42,73,275.0,40.0,228,15438,378,150
271,39,73,275.0,40.0,220,14350,363,143
271,40,73,275.0,40.0,221,14711,389,168
272,42,73,275.0,40.0,224,15434,391,167
283,37,74,285.0,40.0,230,13640,421,191
285,43,74,285.0,40.0,238,15808,443,205
289,43,74,285.0,40.0,242,15812,477,235
287,43,74,285.0,40.0,240,15810,561,321
285,36,74,285.0,40.0,231,13281,471,240
286,39,74,285.0,40.0,235,14365,412,177
285,37,74,285.0,40.0,232,13642,423,191
287,38,74,285.0,40.0,235,14005,409,174
281,39,74,285.0,40.0,230,14360,394,164
286,42,74,285.0,40.0,238,15448,497,259
291,44,75,295.0,40.0,245,16175,595,350
298,44,75,295.0,40.0,252,16182,463,211
292,39,75,295.0,40.0,241,14371,521,280
294,38,75,295.0,40.0,242,14012,425,183
299,40,75,295.0,40.0,249,14739,521,272
295,41,75,295.0,40.0,246,15096,456,210
298,37,75,295.0,40.0,245,13655,569,324
299,35,75,295.0,40.0,244,12934,406,162
299,43,75,295.0,40.0,252,15822,538,286
297,43,75,295.0,40.0,250,15820,447,197
303,38,76,305.0,40.0,251,14021,422,171
305,37,76,305.0,40.0,252,13662,465,213
309,36,76,305.0,40.0,255,13305,478,223
301,41,76,305.0,40.0,252,15102,536,284
300,44,76,305.0,40.0,254,16184,548,294
309,41,76,305.0,40.0,260,15110,549,289
302,40,76,305.0,40.0,252,14742,451,199
309,36,76,305.0,40.0,255,13305,471,216
309,36,76,305.0,40.0,255,13305,455,200
302,37,76,305.0,40.0,249,13659,566,317
313,40,77,312.5,40.0,263,14753,426,163
313,37,77,312.5,40.0,260,13670,589,329
311,39,77,312.5,40.0,260,14390,614,354
313,43,77,312.5,40.0,266,15836,543,277
314,37,77,312.5,40.0,261,13671,433,172
314,43,77,312.5,40.0,267,15837,555,288
311,40,77,312.5,40.0,261,14751,443,182
314,40,77,312.5,40.0,264,14754,571,307
312,42,77,312.5,40.0,264,15474,555,291
313,44,77,312.5,40.0,267,16197,576,309
