x,y,cell,cell_x,cell_y,opt_traj,point_id,steps_taken,extra_steps
64,22,0,65.0,20.0,12,8006,50,38
60,22,0,65.0,20.0,8,8002,61,53
68,24,0,65.0,20.0,14,8732,1001,987
66,16,0,65.0,20.0,20,5842,67,47
66,18,0,65.0,20.0,18,6564,34,16
60,21,0,65.0,20.0,9,7641,89,80
65,15,0,65.0,20.0,20,5480,47,27
67,16,0,65.0,20.0,21,5843,53,32
62,17,0,65.0,20.0,15,6199,63,48
62,16,0,65.0,20.0,16,5838,1001,985
78,21,1,75.0,20.0,27,7659,63,36
73,20,1,75.0,20.0,23,7293,66,43
70,19,1,75.0,20.0,21,6929,78,57
73,19,1,75.0,20.0,24,6932,45,21
77,22,1,75.0,20.0,25,8019,108,83
70,20,1,75.0,20.0,20,7290,40,20
76,16,1,75.0,20.0,30,5852,57,27
77,19,1,75.0,20.0,28,6936,95,67
73,20,1,75.0,20.0,23,7293,68,45
75,19,1,75.0,20.0,26,6934,47,21
86,16,2,85.0,20.0,40,5862,67,27
84,24,2,85.0,20.0,30,8748,61,31
85,15,2,85.0,20.0,40,5500,106,66
80,20,2,85.0,20.0,30,7300,90,60
81,17,2,85.0,20.0,34,6218,69,35
84,24,2,85.0,20.0,30,8748,65,35
80,18,2,85.0,20.0,32,6578,49,17
83,21,2,85.0,20.0,32,7664,49,17
82,18,2,85.0,20.0,34,6580,54,20
86,20,2,85.0,20.0,36,7306,69,33
94,21,3,95.0,20.0,43,7675,93,50
91,20,3,95.0,20.0,41,7311,91,50
91,15,3,95.0,20.0,46,5506,1001,955
99,19,3,95.0,20.0,50,6958,82,32
96,19,3,95.0,20.0,47,6955,71,24
93,21,3,95.0,20.0,42,7674,73,31
90,19,3,95.0,20.0,41,6949,1001,960
90,17,3,95.0,20.0,43,6227,66,23
96,15,3,95.0,20.0,51,5511,94,43
97,16,3,95.0,20.0,51,5873,105,54
106,18,4,105.0,20.0,58,6604,81,23
109,19,4,105.0,20.0,60,6968,80,20
100,16,4,105.0,20.0,54,5876,122,68
109,20,4,105.0,20.0,59,7329,89,30
100,15,4,105.0,20.0,55,5515,94,39
100,23,4,105.0,20.0,47,8403,74,27
106,24,4,105.0,20.0,52,8770,110,58
107,20,4,105.0,20.0,57,7327,77,20
105,18,4,105.0,20.0,57,6603,86,29
106,16,4,105.0,20.0,60,5882,90,30
115,15,5,115.0,20.0,70,5530,109,39
116,15,5,115.0,20.0,71,5531,163,92
110,17,5,115.0,20.0,63,6247,84,21
112,15,5,115.0,20.0,67,5527,100,33
112,21,5,115.0,20.0,61,7693,84,23
116,18,5,115.0,20.0,68,6614,111,43
110,23,5,115.0,20.0,57,8413,87,30
119,23,5,115.0,20.0,66,8422,112,46
110,22,5,115.0,20.0,58,8052,94,36
110,24,5,115.0,20.0,56,8774,77,21
128,17,6,125.0,20.0,81,6265,133,52
124,22,6,125.0,20.0,72,8066,125,53
123,16,6,125.0,20.0,77,5899,106,29
125,20,6,125.0,20.0,75,7345,131,56
122,22,6,125.0,20.0,70,8064,130,60
124,20,6,125.0,20.0,74,7344,90,16
120,22,6,125.0,20.0,68,8062,137,69
129,17,6,125.0,20.0,82,6266,121,39
125,17,6,125.0,20.0,78,6262,107,29
126,20,6,125.0,20.0,76,7346,93,17
137,18,7,135.0,20.0,89,6635,110,21
137,18,7,135.0,20.0,89,6635,130,41
132,23,7,135.0,20.0,79,8435,122,43
131,20,7,135.0,20.0,81,7351,97,16
139,21,7,135.0,20.0,88,7720,122,34
133,23,7,135.0,20.0,80,8436,101,21
137,18,7,135.0,20.0,89,6635,114,25
138,17,7,135.0,20.0,91,6275,130,39
138,17,7,135.0,20.0,91,6275,120,29
133,16,7,135.0,20.0,87,5909,104,17
149,15,8,145.0,20.0,104,5564,133,29
149,24,8,145.0,20.0,95,8813,140,45
143,18,8,145.0,20.0,95,6641,119,24
142,23,8,145.0,20.0,89,8445,111,22
145,21,8,145.0,20.0,94,7726,166,72
145,19,8,145.0,20.0,96,7004,124,28
144,18,8,145.0,20.0,96,6642,139,43
147,17,8,145.0,20.0,100,6284,127,27
144,17,8,145.0,20.0,97,6281,127,30
148,19,8,145.0,20.0,99,7007,120,21
153,18,9,155.0,20.0,105,6651,140,35
151,24,9,155.0,20.0,97,8815,156,59
156,18,9,155.0,20.0,108,6654,139,31
152,21,9,155.0,20.0,101,7733,148,47
158,16,9,155.0,20.0,112,5934,196,84
150,19,9,155.0,20.0,101,7009,1001,900
153,20,9,155.0,20.0,103,7373,146,43
153,19,9,155.0,20.0,104,7012,142,38
157,19,9,155.0,20.0,108,7016,163,55
153,19,9,155.0,20.0,104,7012,139,35
166,20,10,165.0,20.0,116,7386,166,50
167,16,10,165.0,20.0,121,5943,206,85
166,23,10,165.0,20.0,113,8469,204,91
161,19,10,165.0,20.0,112,7020,143,31
168,22,10,165.0,20.0,116,8110,163,47
161,24,10,165.0,20.0,107,8825,155,48
168,24,10,165.0,20.0,114,8832,142,28
166,17,10,165.0,20.0,119,6303,214,95
167,19,10,165.0,20.0,118,7026,144,26
166,15,10,165.0,20.0,121,5581,191,70
179,23,11,175.0,20.0,126,8482,286,160
177,15,11,175.0,20.0,132,5592,168,36
175,22,11,175.0,20.0,123,8117,154,31
178,17,11,175.0,20.0,131,6315,162,31
171,22,11,175.0,20.0,119,8113,192,73
179,18,11,175.0,20.0,131,6677,184,53
171,22,11,175.0,20.0,119,8113,192,73
173,20,11,175.0,20.0,123,7393,238,115
177,22,11,175.0,20.0,125,8119,257,132
176,17,11,175.0,20.0,129,6313,230,101
184,15,12,185.0,20.0,139,5599,232,93
189,24,12,185.0,20.0,135,8853,265,130
189,16,12,185.0,20.0,143,5965,239,96
184,20,12,185.0,20.0,134,7404,252,118
187,20,12,185.0,20.0,137,7407,253,116
186,20,12,185.0,20.0,136,7406,236,100
181,20,12,185.0,20.0,131,7401,263,132
183,18,12,185.0,20.0,135,6681,246,111
183,21,12,185.0,20.0,132,7764,269,137
189,18,12,185.0,20.0,141,6687,295,154
193,19,13,195.0,20.0,144,7052,258,114
197,16,13,195.0,20.0,151,5973,248,97
191,24,13,195.0,20.0,137,8855,249,112
195,24,13,195.0,20.0,141,8859,252,111
193,20,13,195.0,20.0,143,7413,258,115
190,23,13,195.0,20.0,137,8493,244,107
196,19,13,195.0,20.0,147,7055,284,137
199,19,13,195.0,20.0,150,7058,270,120
198,22,13,195.0,20.0,146,8140,302,156
199,16,13,195.0,20.0,153,5975,246,93
208,17,14,205.0,20.0,161,6345,261,100
200,22,14,205.0,20.0,148,8142,293,145
207,18,14,205.0,20.0,159,6705,265,106
200,18,14,205.0,20.0,152,6698,255,103
200,24,14,205.0,20.0,146,8864,266,120
201,17,14,205.0,20.0,154,6338,247,93
207,15,14,205.0,20.0,162,5622,249,87
205,15,14,205.0,20.0,160,5620,266,106
203,20,14,205.0,20.0,153,7423,253,100
202,20,14,205.0,20.0,152,7422,259,107
215,20,15,215.0,20.0,165,7435,279,114
213,20,15,215.0,20.0,163,7433,286,123
219,21,15,215.0,20.0,168,7800,275,107
210,15,15,215.0,20.0,165,5625,274,109
219,22,15,215.0,20.0,167,8161,299,132
213,22,15,215.0,20.0,161,8155,277,116
210,17,15,215.0,20.0,163,6347,251,88
218,21,15,215.0,20.0,167,7799,321,154
210,22,15,215.0,20.0,158,8152,272,114
215,16,15,215.0,20.0,169,5991,271,102
220,18,16,225.0,20.0,172,6718,281,109
227,20,16,225.0,20.0,177,7447,314,137
223,16,16,225.0,20.0,177,5999,318,141
222,23,16,225.0,20.0,169,8525,310,141
228,16,16,225.0,20.0,182,6004,421,239
222,17,16,225.0,20.0,175,6359,332,157
229,21,16,225.0,20.0,178,7810,351,173
225,15,16,225.0,20.0,180,5640,690,510
220,22,16,225.0,20.0,168,8162,319,151
222,24,16,225.0,20.0,168,8886,295,127
232,23,17,235.0,20.0,179,8535,298,119
237,16,17,235.0,20.0,191,6013,360,169
233,18,17,235.0,20.0,185,6731,334,149
236,24,17,235.0,20.0,182,8900,315,133
231,16,17,235.0,20.0,185,6007,329,144
236,21,17,235.0,20.0,185,7817,295,110
234,24,17,235.0,20.0,180,8898,292,112
233,24,17,235.0,20.0,179,8897,318,139
235,22,17,235.0,20.0,183,8177,319,136
232,16,17,235.0,20.0,186,6008,378,192
243,16,18,245.0,20.0,197,6019,314,117
245,19,18,245.0,20.0,196,7104,318,122
244,20,18,245.0,20.0,194,7464,316,122
241,19,18,245.0,20.0,192,7100,329,137
240,24,18,245.0,20.0,186,8904,317,131
240,18,18,245.0,20.0,192,6738,316,124
244,16,18,245.0,20.0,198,6020,357,159
247,18,18,245.0,20.0,199,6745,1001,802
246,21,18,245.0,20.0,195,7827,315,120
249,18,18,245.0,20.0,201,6747,371,170
251,17,19,255.0,20.0,204,6388,355,151
256,19,19,255.0,20.0,207,7115,375,168
258,18,19,255.0,20.0,210,6756,397,187
253,24,19,255.0,20.0,199,8917,318,119
250,19,19,255.0,20.0,201,7109,329,128
259,21,19,255.0,20.0,208,7840,349,141
257,19,19,255.0,20.0,208,7116,389,181
256,21,19,255.0,20.0,205,7837,363,158
251,17,19,255.0,20.0,204,6388,363,159
258,24,19,255.0,20.0,204,8922,500,296
267,15,20,265.0,20.0,222,5682,394,172
265,22,20,265.0,20.0,213,8207,331,118
260,22,20,265.0,20.0,208,8202,339,131
269,21,20,265.0,20.0,218,7850,376,158
261,24,20,265.0,20.0,207,8925,339,132
263,19,20,265.0,20.0,214,7122,337,123
267,20,20,265.0,20.0,217,7487,351,134
268,15,20,265.0,20.0,223,5683,409,186
269,23,20,265.0,20.0,216,8572,359,143
269,20,20,265.0,20.0,219,7489,343,124
273,21,21,275.0,20.0,222,7854,353,131
277,22,21,275.0,20.0,225,8219,411,186
273,24,21,275.0,20.0,219,8937,352,133
274,19,21,275.0,20.0,225,7133,497,272
276,18,21,275.0,20.0,228,6774,351,123
271,19,21,275.0,20.0,222,7130,446,224
279,22,21,275.0,20.0,227,8221,349,122
271,21,21,275.0,20.0,220,7852,357,137
272,24,21,275.0,20.0,218,8936,365,147
270,21,21,275.0,20.0,219,7851,358,139
283,23,22,285.0,20.0,230,8586,355,125
288,23,22,285.0,20.0,235,8591,433,198
284,18,22,285.0,20.0,236,6782,351,115
280,17,22,285.0,20.0,233,6417,407,174
283,21,22,285.0,20.0,232,7864,366,134
281,19,22,285.0,20.0,232,7140,418,186
288,20,22,285.0,20.0,238,7508,365,127
280,19,22,285.0,20.0,231,7139,476,245
288,21,22,285.0,20.0,237,7869,398,161
289,15,22,285.0,20.0,244,5704,396,152
293,24,23,295.0,20.0,239,8957,367,128
298,21,23,295.0,20.0,247,7879,463,216
299,18,23,295.0,20.0,251,6797,428,177
296,20,23,295.0,20.0,246,7516,421,175
297,19,23,295.0,20.0,248,7156,440,192
293,24,23,295.0,20.0,239,8957,407,168
293,15,23,295.0,20.0,248,5708,419,171
298,18,23,295.0,20.0,250,6796,433,183
296,17,23,295.0,20.0,249,6433,414,165
298,15,23,295.0,20.0,253,5713,513,260
301,24,24,305.0,20.0,247,8965,456,209
304,16,24,305.0,20.0,258,6080,455,197
304,22,24,305.0,20.0,252,8246,421,169
301,21,24,305.0,20.0,250,7882,484,234
301,16,24,305.0,20.0,255,6077,426,171
304,21,24,305.0,20.0,253,7885,431,178
306,24,24,305.0,20.0,252,8970,411,159
309,24,24,305.0,20.0,255,8973,418,163
307,20,24,305.0,20.0,257,7527,498,241
302,23,24,305.0,20.0,249,8605,452,203
313,21,25,312.5,20.0,262,7894,429,167
310,18,25,312.5,20.0,262,6808,459,197
310,22,25,312.5,20.0,258,8252,1001,743
310,22,25,312.5,20.0,258,8252,418,160
311,15,25,312.5,20.0,266,5726,459,193
312,16,25,312.5,20.0,266,6088,447,181
313,15,25,312.5,20.0,268,5728,572,304
310,22,25,312.5,20.0,258,8252,420,162
313,24,25,312.5,20.0,259,8977,437,178
310,17,25,312.5,20.0,263,6447,469,206
65,33,26,65.0,30.0,8,11978,42,34
60,25,26,65.0,30.0,5,9085,60,55
62,34,26,65.0,30.0,6,12336,20,14
65,27,26,65.0,30.0,8,9812,38,30
65,32,26,65.0,30.0,7,11617,51,44
68,25,26,65.0,30.0,13,9093,41,28
60,29,26,65.0,30.0,1,10529,15,14
66,25,26,65.0,30.0,11,9091,44,33
68,31,26,65.0,30.0,9,11259,21,12
61,25,26,65.0,30.0,6,9086,110,104
76,33,27,75.0,30.0,19,11989,50,31
77,32,27,75.0,30.0,19,11629,32,13
79,26,27,75.0,30.0,23,9465,77,54
77,31,27,75.0,30.0,18,11268,33,15
74,31,27,75.0,30.0,15,11265,33,18
71,32,27,75.0,30.0,13,11623,27,14
70,25,27,75.0,30.0,15,9095,30,15
79,27,27,75.0,30.0,22,9826,63,41
79,27,27,75.0,30.0,22,9826,56,34
72,32,27,75.0,30.0,14,11624,60,46
89,27,28,85.0,30.0,32,9836,53,21
88,30,28,85.0,30.0,28,10918,1001,973
80,26,28,85.0,30.0,24,9466,38,14
80,25,28,85.0,30.0,25,9105,1001,976
86,25,28,85.0,30.0,31,9111,52,21
82,26,28,85.0,30.0,26,9468,50,24
87,32,28,85.0,30.0,29,11639,47,18
83,25,28,85.0,30.0,28,9108,68,40
80,34,28,85.0,30.0,24,12354,67,43
88,33,28,85.0,30.0,31,12001,43,12
91,29,29,95.0,30.0,32,10560,46,14
92,30,29,95.0,30.0,32,10922,64,32
96,32,29,95.0,30.0,38,11648,47,9
93,34,29,95.0,30.0,37,12367,70,33
91,25,29,95.0,30.0,36,9116,193,157
96,31,29,95.0,30.0,37,11287,130,93
93,28,29,95.0,30.0,35,10201,127,92
95,34,29,95.0,30.0,39,12369,96,57
94,34,29,95.0,30.0,38,12368,45,7
90,30,29,95.0,30.0,30,10920,102,72
107,31,30,105.0,30.0,48,11298,72,24
109,30,30,105.0,30.0,49,10939,75,26
103,32,30,105.0,30.0,45,11655,71,26
101,29,30,105.0,30.0,42,10570,115,73
104,29,30,105.0,30.0,45,10573,1001,956
108,32,30,105.0,30.0,50,11660,72,22
100,29,30,105.0,30.0,41,10569,111,70
108,25,30,105.0,30.0,53,9133,78,25
102,29,30,105.0,30.0,43,10571,76,33
109,27,30,105.0,30.0,52,9856,84,32
118,31,31,115.0,30.0,59,11309,82,23
110,31,31,115.0,30.0,51,11301,71,20
116,32,31,115.0,30.0,58,11668,77,19
119,30,31,115.0,30.0,59,10949,117,58
116,33,31,115.0,30.0,59,12029,84,25
114,31,31,115.0,30.0,55,11305,104,49
115,34,31,115.0,30.0,59,12389,96,37
117,31,31,115.0,30.0,58,11308,87,29
113,31,31,115.0,30.0,54,11304,77,23
112,33,31,115.0,30.0,55,12025,72,17
126,32,32,125.0,30.0,68,11678,114,46
123,25,32,125.0,30.0,68,9148,106,38
121,32,32,125.0,30.0,63,11673,102,39
125,27,32,125.0,30.0,68,9872,125,57
127,27,32,125.0,30.0,70,9874,91,21
122,27,32,125.0,30.0,65,9869,96,31
121,33,32,125.0,30.0,64,12034,85,21
126,30,32,125.0,30.0,66,10956,161,95
120,33,32,125.0,30.0,63,12033,71,8
126,34,32,125.0,30.0,70,12400,82,12
131,33,33,135.0,30.0,74,12044,112,38
139,33,33,135.0,30.0,82,12052,132,50
134,27,33,135.0,30.0,77,9881,128,51
138,28,33,135.0,30.0,80,10246,107,27
137,30,33,135.0,30.0,77,10967,130,53
139,30,33,135.0,30.0,79,10969,170,91
132,27,33,135.0,30.0,75,9879,1001,926
130,32,33,135.0,30.0,72,11682,98,26
135,28,33,135.0,30.0,77,10243,123,46
138,25,33,135.0,30.0,83,9163,174,91
147,33,34,145.0,30.0,90,12060,119,29
143,31,34,145.0,30.0,84,11334,110,26
141,26,34,145.0,30.0,85,9527,112,27
148,32,34,145.0,30.0,90,11700,119,29
140,31,34,145.0,30.0,81,11331,123,42
144,33,34,145.0,30.0,87,12057,107,20
145,25,34,145.0,30.0,90,9170,110,20
144,25,34,145.0,30.0,89,9169,174,85
143,29,34,145.0,30.0,84,10612,146,62
141,34,34,145.0,30.0,85,12415,118,33
158,32,35,155.0,30.0,100,11710,181,81
157,33,35,155.0,30.0,100,12070,376,276
154,26,35,155.0,30.0,98,9540,158,60
153,28,35,155.0,30.0,95,10261,146,51
157,31,35,155.0,30.0,98,11348,123,25
153,29,35,155.0,30.0,94,10622,170,76
154,27,35,155.0,30.0,97,9901,153,56
152,25,35,155.0,30.0,97,9177,148,51
159,29,35,155.0,30.0,100,10628,366,266
154,30,35,155.0,30.0,94,10984,169,75
166,31,36,165.0,30.0,107,11357,146,39
168,27,36,165.0,30.0,111,9915,182,71
163,34,36,165.0,30.0,107,12437,129,22
164,34,36,165.0,30.0,108,12438,131,23
165,30,36,165.0,30.0,105,10995,193,88
162,25,36,165.0,30.0,107,9187,209,102
166,30,36,165.0,30.0,106,10996,138,32
169,28,36,165.0,30.0,111,10277,158,47
161,29,36,165.0,30.0,102,10630,184,82
169,34,36,165.0,30.0,113,12443,130,17
174,26,37,175.0,30.0,118,9560,168,50
177,26,37,175.0,30.0,121,9563,276,155
177,34,37,175.0,30.0,121,12451,211,90
171,33,37,175.0,30.0,114,12084,232,118
175,27,37,175.0,30.0,118,9922,258,140
170,34,37,175.0,30.0,114,12444,168,54
170,34,37,175.0,30.0,114,12444,133,19
176,32,37,175.0,30.0,118,11728,375,257
176,32,37,175.0,30.0,118,11728,198,80
174,28,37,175.0,30.0,116,10282,292,176
185,32,38,185.0,30.0,127,11737,281,154
185,33,38,185.0,30.0,128,12098,352,224
187,29,38,185.0,30.0,128,10656,289,161
187,26,38,185.0,30.0,131,9573,1001,870
183,29,38,185.0,30.0,124,10652,267,143
186,29,38,185.0,30.0,127,10655,254,127
182,29,38,185.0,30.0,123,10651,248,125
184,30,38,185.0,30.0,124,11014,251,127
186,28,38,185.0,30.0,128,10294,273,145
183,32,38,185.0,30.0,125,11735,264,139
193,30,39,195.0,30.0,133,11023,265,132
194,29,39,195.0,30.0,135,10663,310,175
199,26,39,195.0,30.0,143,9585,266,123
199,30,39,195.0,30.0,139,11029,337,198
194,33,39,195.0,30.0,137,12107,323,186
199,28,39,195.0,30.0,141,10307,279,138
198,26,39,195.0,30.0,142,9584,275,133
198,33,39,195.0,30.0,141,12111,319,178
191,26,39,195.0,30.0,135,9577,255,120
197,27,39,195.0,30.0,140,9944,290,150
207,31,40,205.0,30.0,148,11398,300,152
208,33,40,205.0,30.0,151,12121,290,139
204,25,40,205.0,30.0,149,9229,292,143
209,34,40,205.0,30.0,153,12483,1001,848
207,31,40,205.0,30.0,148,11398,294,146
201,27,40,205.0,30.0,144,9948,265,121
209,26,40,205.0,30.0,153,9595,277,124
202,25,40,205.0,30.0,147,9227,266,119
202,25,40,205.0,30.0,147,9227,281,134
208,29,40,205.0,30.0,149,10677,314,165
215,31,41,215.0,30.0,156,11406,346,190
218,28,41,215.0,30.0,160,10326,326,166
210,26,41,215.0,30.0,154,9596,304,150
216,26,41,215.0,30.0,160,9602,271,111
213,34,41,215.0,30.0,157,12487,1001,844
214,28,41,215.0,30.0,156,10322,293,137
216,29,41,215.0,30.0,157,10685,297,140
211,25,41,215.0,30.0,156,9236,285,129
210,31,41,215.0,30.0,151,11401,1001,850
217,26,41,215.0,30.0,161,9603,289,128
220,28,42,225.0,30.0,162,10328,287,125
220,25,42,225.0,30.0,165,9245,296,131
229,25,42,225.0,30.0,174,9254,304,130
221,27,42,225.0,30.0,164,9968,278,114
221,34,42,225.0,30.0,165,12495,303,138
222,25,42,225.0,30.0,167,9247,275,108
226,31,42,225.0,30.0,167,11417,300,133
220,29,42,225.0,30.0,161,10689,329,168
225,27,42,225.0,30.0,168,9972,292,124
225,33,42,225.0,30.0,168,12138,1001,833
238,33,43,235.0,30.0,181,12151,329,148
233,32,43,235.0,30.0,175,11785,351,176
232,25,43,235.0,30.0,177,9257,300,123
237,26,43,235.0,30.0,181,9623,317,136
238,30,43,235.0,30.0,178,11068,321,143
238,27,43,235.0,30.0,181,9985,317,136
235,30,43,235.0,30.0,175,11065,301,126
233,34,43,235.0,30.0,177,12507,357,180
232,29,43,235.0,30.0,173,10701,299,126
230,30,43,235.0,30.0,170,11060,321,151
244,33,44,245.0,30.0,187,12157,379,192
248,28,44,245.0,30.0,190,10356,375,185
249,25,44,245.0,30.0,194,9274,321,127
246,31,44,245.0,30.0,187,11437,337,150
249,30,44,245.0,30.0,189,11079,366,177
247,30,44,245.0,30.0,187,11077,326,139
245,30,44,245.0,30.0,185,11075,309,124
248,34,44,245.0,30.0,192,12522,326,134
240,31,44,245.0,30.0,181,11431,308,127
243,31,44,245.0,30.0,184,11434,323,139
251,26,45,255.0,30.0,195,9637,327,132
257,28,45,255.0,30.0,199,10365,331,132
252,28,45,255.0,30.0,194,10360,352,158
254,27,45,255.0,30.0,197,10001,350,153
258,26,45,255.0,30.0,202,9644,331,129
257,28,45,255.0,30.0,199,10365,387,188
256,33,45,255.0,30.0,199,12169,348,149
254,30,45,255.0,30.0,194,11084,321,127
252,30,45,255.0,30.0,192,11082,1001,809
257,27,45,255.0,30.0,200,10004,318,118
268,29,46,265.0,30.0,209,10737,1001,792
268,26,46,265.0,30.0,212,9654,384,172
269,28,46,265.0,30.0,211,10377,371,160
263,25,46,265.0,30.0,208,9288,329,121
263,25,46,265.0,30.0,208,9288,326,118
268,32,46,265.0,30.0,210,11820,345,135
260,32,46,265.0,30.0,202,11812,353,151
269,30,46,265.0,30.0,209,11099,390,181
264,29,46,265.0,30.0,205,10733,381,176
266,30,46,265.0,30.0,206,11096,451,245
277,33,47,275.0,30.0,220,12190,381,161
279,31,47,275.0,30.0,220,11470,419,199
271,31,47,275.0,30.0,212,11462,367,155
272,26,47,275.0,30.0,216,9658,406,190
274,25,47,275.0,30.0,219,9299,336,117
278,30,47,275.0,30.0,218,11108,343,125
275,32,47,275.0,30.0,217,11827,374,157
273,25,47,275.0,30.0,218,9298,361,143
275,27,47,275.0,30.0,218,10022,363,145
279,30,47,275.0,30.0,219,11109,363,144
281,25,48,285.0,30.0,226,9306,422,196
288,25,48,285.0,30.0,233,9313,366,133
288,33,48,285.0,30.0,231,12201,425,194
284,30,48,285.0,30.0,224,11114,371,147
281,26,48,285.0,30.0,225,9667,363,138
284,31,48,285.0,30.0,225,11475,372,147
281,32,48,285.0,30.0,223,11833,358,135
282,29,48,285.0,30.0,223,10751,368,145
286,25,48,285.0,30.0,231,9311,409,178
288,29,48,285.0,30.0,229,10757,360,131
298,29,49,295.0,30.0,239,10767,376,137
298,33,49,295.0,30.0,241,12211,437,196
293,30,49,295.0,30.0,233,11123,401,168
291,25,49,295.0,30.0,236,9316,365,129
295,29,49,295.0,30.0,236,10764,395,159
291,27,49,295.0,30.0,234,10038,396,162
295,34,49,295.0,30.0,239,12569,377,138
293,30,49,295.0,30.0,233,11123,391,158
297,34,49,295.0,30.0,241,12571,405,164
293,34,49,295.0,30.0,237,12567,389,152
303,27,50,305.0,30.0,246,10050,416,170
305,31,50,305.0,30.0,246,11496,421,175
300,34,50,305.0,30.0,244,12574,393,149
301,34,50,305.0,30.0,245,12575,405,160
309,31,50,305.0,30.0,250,11500,466,216
303,31,50,305.0,30.0,244,11494,409,165
303,25,50,305.0,30.0,248,9328,413,165
309,31,50,305.0,30.0,250,11500,404,154
303,33,50,305.0,30.0,246,12216,436,190
308,29,50,305.0,30.0,249,10777,424,175
312,25,51,312.5,30.0,257,9337,470,213
312,29,51,312.5,30.0,253,10781,436,183
314,29,51,312.5,30.0,255,10783,437,182
312,30,51,312.5,30.0,252,11142,408,156
313,29,51,312.5,30.0,254,10782,421,167
311,27,51,312.5,30.0,254,10058,413,159
310,27,51,312.5,30.0,253,10057,436,183
311,25,51,312.5,30.0,256,9336,441,185
314,34,51,312.5,30.0,258,12588,412,154
314,32,51,312.5,30.0,256,11866,449,193
65,43,52,65.0,40.0,18,15588,79,61
61,43,52,65.0,40.0,14,15584,69,55
68,42,52,65.0,40.0,20,15230,71,51
65,39,52,65.0,40.0,14,14144,49,35
63,36,52,65.0,40.0,9,13059,10,1
60,35,52,65.0,40.0,5,12695,6,1
65,38,52,65.0,40.0,13,13783,19,6
69,35,52,65.0,40.0,14,12704,30,16
66,43,52,65.0,40.0,19,15589,64,45
67,41,52,65.0,40.0,18,14868,42,24
74,40,53,75.0,40.0,24,14514,100,76
77,38,53,75.0,40.0,25,13795,73,48
76,36,53,75.0,40.0,22,13072,36,14
77,37,53,75.0,40.0,24,13434,37,13
77,42,53,75.0,40.0,29,15239,85,56
73,43,53,75.0,40.0,26,15596,96,70
72,40,53,75.0,40.0,22,14512,93,71
78,42,53,75.0,40.0,30,15240,97,67
77,36,53,75.0,40.0,23,13073,78,55
79,43,53,75.0,40.0,32,15602,104,72
84,36,54,85.0,40.0,30,13080,31,1
82,44,54,85.0,40.0,36,15966,88,52
83,42,54,85.0,40.0,35,15245,90,55
87,36,54,85.0,40.0,33,13083,46,13
83,38,54,85.0,40.0,31,13801,45,14
84,37,54,85.0,40.0,31,13441,48,17
81,37,54,85.0,40.0,28,13438,82,54
87,42,54,85.0,40.0,39,15249,69,30
84,42,54,85.0,40.0,36,15246,88,52
82,44,54,85.0,40.0,36,15966,123,87
99,41,55,95.0,40.0,50,14900,110,60
99,42,55,95.0,40.0,51,15261,82,31
92,40,55,95.0,40.0,42,14532,89,47
99,44,55,95.0,40.0,53,15983,187,134
94,44,55,95.0,40.0,48,15978,129,81
99,36,55,95.0,40.0,45,13095,73,28
92,41,55,95.0,40.0,43,14893,91,48
94,42,55,95.0,40.0,46,15256,105,59
99,43,55,95.0,40.0,52,15622,116,64
98,44,55,95.0,40.0,52,15982,94,42
103,37,56,105.0,40.0,50,13460,140,90
108,39,56,105.0,40.0,57,14187,90,33
109,38,56,105.0,40.0,57,13827,66,9
105,37,56,105.0,40.0,52,13462,69,17
101,39,56,105.0,40.0,50,14180,66,16
100,38,56,105.0,40.0,48,13818,65,17
100,43,56,105.0,40.0,53,15623,112,59
109,37,56,105.0,40.0,56,13466,71,15
106,40,56,105.0,40.0,56,14546,85,29
105,41,56,105.0,40.0,56,14906,89,33
115,37,57,115.0,40.0,62,13472,77,15
118,43,57,115.0,40.0,71,15641,135,64
117,37,57,115.0,40.0,64,13474,87,23
113,42,57,115.0,40.0,65,15275,119,54
117,40,57,115.0,40.0,67,14557,160,93
114,35,57,115.0,40.0,59,12749,86,27
110,42,57,115.0,40.0,62,15272,139,77
117,36,57,115.0,40.0,63,13113,84,21
113,42,57,115.0,40.0,65,15275,115,50
112,36,57,115.0,40.0,58,13108,126,68
121,35,58,125.0,40.0,66,12756,77,11
120,35,58,125.0,40.0,65,12755,96,31
126,41,58,125.0,40.0,77,14927,89,12
127,43,58,125.0,40.0,80,15650,136,56
129,40,58,125.0,40.0,79,14569,96,17
120,36,58,125.0,40.0,66,13116,77,11
121,38,58,125.0,40.0,69,13839,95,26
127,40,58,125.0,40.0,77,14567,101,24
120,43,58,125.0,40.0,73,15643,153,80
125,38,58,125.0,40.0,73,13843,89,16
131,40,59,135.0,40.0,81,14571,143,62
133,40,59,135.0,40.0,83,14573,116,33
134,37,59,135.0,40.0,81,13491,97,16
138,38,59,135.0,40.0,86,13856,151,65
132,44,59,135.0,40.0,86,16016,128,42
130,43,59,135.0,40.0,83,15653,141,58
139,44,59,135.0,40.0,93,16023,147,54
137,42,59,135.0,40.0,89,15299,829,740
132,35,59,135.0,40.0,77,12767,118,41
130,39,59,135.0,40.0,79,14209,93,14
145,44,60,145.0,40.0,99,16029,151,52
140,35,60,145.0,40.0,85,12775,94,9
145,41,60,145.0,40.0,96,14946,114,18
144,39,60,145.0,40.0,93,14223,119,26
146,42,60,145.0,40.0,98,15308,153,55
141,35,60,145.0,40.0,86,12776,131,45
140,42,60,145.0,40.0,92,15302,162,70
146,40,60,145.0,40.0,96,14586,162,66
146,43,60,145.0,40.0,99,15669,149,50
146,40,60,145.0,40.0,96,14586,151,55
158,39,61,155.0,40.0,107,14237,132,25
157,37,61,155.0,40.0,104,13514,122,18
156,35,61,155.0,40.0,101,12791,131,30
157,35,61,155.0,40.0,102,12792,111,9
158,39,61,155.0,40.0,107,14237,147,40
151,36,61,155.0,40.0,97,13147,839,742
154,42,61,155.0,40.0,106,15316,176,70
153,41,61,155.0,40.0,104,14954,160,56
158,41,61,155.0,40.0,109,14959,150,41
154,44,61,155.0,40.0,108,16038,148,40
165,38,62,165.0,40.0,113,13883,129,16
167,44,62,165.0,40.0,121,16051,178,57
161,43,62,165.0,40.0,114,15684,164,50
162,40,62,165.0,40.0,112,14602,171,59
160,37,62,165.0,40.0,107,13517,146,39
161,38,62,165.0,40.0,109,13879,147,38
162,41,62,165.0,40.0,113,14963,131,18
167,39,62,165.0,40.0,116,14246,182,66
162,40,62,165.0,40.0,112,14602,145,33
166,36,62,165.0,40.0,112,13162,129,17
171,36,63,175.0,40.0,117,13167,237,120
170,40,63,175.0,40.0,120,14610,159,39
177,37,63,175.0,40.0,124,13534,155,31
172,36,63,175.0,40.0,118,13168,141,23
178,36,63,175.0,40.0,124,13174,167,43
172,43,63,175.0,40.0,125,15695,788,663
171,43,63,175.0,40.0,124,15694,178,54
174,39,63,175.0,40.0,123,14253,364,241
171,37,63,175.0,40.0,118,13528,187,69
170,38,63,175.0,40.0,118,13888,195,77
186,40,64,185.0,40.0,136,14626,277,141
181,39,64,185.0,40.0,130,14260,344,214
181,42,64,185.0,40.0,133,15343,195,62
184,35,64,185.0,40.0,129,12819,1001,872
186,37,64,185.0,40.0,133,13543,274,141
188,42,64,185.0,40.0,140,15350,299,159
189,43,64,185.0,40.0,142,15712,281,139
183,40,64,185.0,40.0,133,14623,291,158
181,41,64,185.0,40.0,132,14982,302,170
185,37,64,185.0,40.0,132,13542,318,186
193,43,65,195.0,40.0,146,15716,285,139
190,40,65,195.0,40.0,140,14630,302,162
197,38,65,195.0,40.0,145,13915,294,149
199,36,65,195.0,40.0,145,13195,330,185
199,35,65,195.0,40.0,144,12834,294,150
194,43,65,195.0,40.0,147,15717,274,127
196,36,65,195.0,40.0,142,13192,280,138
194,43,65,195.0,40.0,147,15717,317,170
193,35,65,195.0,40.0,138,12828,328,190
194,36,65,195.0,40.0,140,13190,276,136
204,42,66,205.0,40.0,156,15366,326,170
205,40,66,205.0,40.0,155,14645,322,167
207,35,66,205.0,40.0,152,12842,324,172
202,36,66,205.0,40.0,148,13198,346,198
209,44,66,205.0,40.0,163,16093,291,128
206,39,66,205.0,40.0,155,14285,331,176
204,42,66,205.0,40.0,156,15366,360,204
209,38,66,205.0,40.0,157,13927,315,158
207,35,66,205.0,40.0,152,12842,304,152
204,35,66,205.0,40.0,149,12839,293,144
210,43,67,215.0,40.0,163,15733,303,140
211,39,67,215.0,40.0,160,14290,305,145
216,37,67,215.0,40.0,163,13573,1001,838
210,42,67,215.0,40.0,162,15372,309,147
213,41,67,215.0,40.0,164,15014,310,146
213,40,67,215.0,40.0,163,14653,309,146
215,36,67,215.0,40.0,161,13211,1001,840
214,43,67,215.0,40.0,167,15737,336,169
218,40,67,215.0,40.0,168,14658,314,146
219,36,67,215.0,40.0,165,13215,348,183
225,40,68,225.0,40.0,175,14665,338,163
224,35,68,225.0,40.0,169,12859,1001,832
225,35,68,225.0,40.0,170,12860,330,160
221,37,68,225.0,40.0,168,13578,313,145
228,41,68,225.0,40.0,179,15029,371,192
226,44,68,225.0,40.0,180,16110,310,130
228,40,68,225.0,40.0,178,14668,328,150
223,38,68,225.0,40.0,171,13941,304,133
220,43,68,225.0,40.0,173,15743,312,139
223,39,68,225.0,40.0,172,14302,336,164
231,39,69,235.0,40.0,180,14310,325,145
233,42,69,235.0,40.0,185,15395,1001,816
237,37,69,235.0,40.0,184,13594,322,138
236,40,69,235.0,40.0,186,14676,332,146
239,36,69,235.0,40.0,185,13235,389,204
235,44,69,235.0,40.0,189,16119,321,132
231,40,69,235.0,40.0,181,14671,1001,820
235,35,69,235.0,40.0,180,12870,316,136
232,41,69,235.0,40.0,183,15033,338,155
233,37,69,235.0,40.0,180,13590,333,153
246,35,70,245.0,40.0,191,12881,408,217
242,44,70,245.0,40.0,196,16126,329,133
242,38,70,245.0,40.0,190,13960,335,145
240,40,70,245.0,40.0,190,14680,329,139
240,39,70,245.0,40.0,189,14319,370,181
246,44,70,245.0,40.0,200,16130,363,163
242,44,70,245.0,40.0,196,16126,368,172
249,38,70,245.0,40.0,197,13967,365,168
245,39,70,245.0,40.0,194,14324,380,186
244,43,70,245.0,40.0,197,15767,330,133
254,37,71,255.0,40.0,201,13611,421,220
259,42,71,255.0,40.0,211,15421,365,154
251,38,71,255.0,40.0,199,13969,363,164
252,44,71,255.0,40.0,206,16136,341,135
258,40,71,255.0,40.0,208,14698,341,133
251,38,71,255.0,40.0,199,13969,362,163
256,38,71,255.0,40.0,204,13974,341,137
253,36,71,255.0,40.0,199,13249,385,186
257,40,71,255.0,40.0,207,14697,374,167
250,38,71,255.0,40.0,198,13968,349,151
266,39,72,265.0,40.0,215,14345,365,150
268,39,72,265.0,40.0,217,14347,354,137
263,40,72,265.0,40.0,213,14703,353,140
265,44,72,265.0,40.0,219,16149,375,156
264,39,72,265.0,40.0,213,14343,392,179
268,39,72,265.0,40.0,217,14347,360,143
268,38,72,265.0,40.0,216,13986,394,178
261,37,72,265.0,40.0,208,13618,381,173
260,35,72,265.0,40.0,205,12895,362,157
265,43,72,265.0,40.0,218,15788,355,137
275,36,73,275.0,40.0,221,13271,419,198
271,38,73,275.0,40.0,219,13989,365,146
271,35,73,275.0,40.0,216,12906,471,255
276,36,73,275.0,40.0,222,13272,502,280
274,38,73,275.0,40.0,222,13992,374,152
270,43,73,275.0,40.0,223,15793,351,128
273,36,73,275.0,40.0,219,13269,365,146
279,43,73,275.0,40.0,232,15802,368,136
275,42,73,275.0,40.0,227,15437,359,132
279,44,73,275.0,40.0,233,16163,381,148
281,35,74,285.0,40.0,226,12916,378,152
286,40,74,285.0,40.0,236,14726,401,165
280,42,74,285.0,40.0,232,15442,366,134
280,41,74,285.0,40.0,231,15081,392,161
284,38,74,285.0,40.0,232,14002,409,177
285,35,74,285.0,40.0,230,12920,400,170
283,37,74,285.0,40.0,230,13640,390,160
284,41,74,285.0,40.0,235,15085,374,139
288,37,74,285.0,40.0,235,13645,1001,766
281,35,74,285.0,40.0,226,12916,1001,775
295,42,75,295.0,40.0,247,15457,382,135
299,40,75,295.0,40.0,249,14739,416,167
299,38,75,295.0,40.0,247,14017,392,145
292,41,75,295.0,40.0,243,15093,406,163
295,42,75,295.0,40.0,247,15457,386,139
295,42,75,295.0,40.0,247,15457,389,142
296,38,75,295.0,40.0,244,14014,426,182
290,42,75,295.0,40.0,242,15452,419,177
290,42,75,295.0,40.0,242,15452,382,140
292,37,75,295.0,40.0,239,13649,375,136
306,43,76,305.0,40.0,259,15829,388,129
306,43,76,305.0,40.0,259,15829,403,144
308,44,76,305.0,40.0,262,16192,405,143
303,42,76,305.0,40.0,255,15465,397,142
304,35,76,305.0,40.0,249,12939,397,148
303,39,76,305.0,40.0,252,14382,420,168
307,41,76,305.0,40.0,258,15108,394,136
309,37,76,305.0,40.0,256,13666,423,167
304,35,76,305.0,40.0,249,12939,423,174
300,43,76,305.0,40.0,253,15823,402,149
313,41,77,312.5,40.0,264,15114,442,178
312,41,77,312.5,40.0,263,15113,461,198
314,43,77,312.5,40.0,267,15837,428,161
312,35,77,312.5,40.0,257,12947,411,154
314,43,77,312.5,40.0,267,15837,419,152
313,40,77,312.5,40.0,263,14753,414,151
311,39,77,312.5,40.0,260,14390,556,296
314,37,77,312.5,40.0,261,13671,424,163
312,41,77,312.5,40.0,263,15113,422,159
314,41,77,312.5,40.0,265,15115,427,162
