x,y,cell,cell_x,cell_y,opt_traj,point_id,steps_taken,extra_steps
63,22,0,65.0,20.0,11,8005,33,22
67,20,0,65.0,20.0,17,7287,36,19
64,20,0,65.0,20.0,14,7284,42,28
65,19,0,65.0,20.0,16,6924,119,103
63,22,0,65.0,20.0,11,8005,51,40
66,24,0,65.0,20.0,12,8730,96,84
65,20,0,65.0,20.0,15,7285,39,24
65,21,0,65.0,20.0,14,7646,46,32
65,21,0,65.0,20.0,14,7646,86,72
66,16,0,65.0,20.0,20,5842,124,104
71,23,1,75.0,20.0,18,8374,48,30
70,24,1,75.0,20.0,16,8734,35,19
72,24,1,75.0,20.0,18,8736,52,34
72,16,1,75.0,20.0,26,5848,116,90
70,19,1,75.0,20.0,21,6929,49,28
72,15,1,75.0,20.0,27,5487,108,81
75,24,1,75.0,20.0,21,8739,50,29
76,21,1,75.0,20.0,25,7657,60,35
75,21,1,75.0,20.0,24,7656,56,32
72,24,1,75.0,20.0,18,8736,59,41
80,24,2,85.0,20.0,26,8744,58,32
81,17,2,85.0,20.0,34,6218,133,99
89,17,2,85.0,20.0,42,6226,73,31
85,19,2,85.0,20.0,36,6944,63,27
84,18,2,85.0,20.0,36,6582,71,35
86,18,2,85.0,20.0,38,6584,71,33
85,20,2,85.0,20.0,35,7305,134,99
82,18,2,85.0,20.0,34,6580,134,100
84,22,2,85.0,20.0,32,8026,62,30
89,19,2,85.0,20.0,40,6948,68,28
98,17,3,95.0,20.0,51,6235,71,20
94,19,3,95.0,20.0,45,6953,62,17
96,23,3,95.0,20.0,43,8399,102,59
93,17,3,95.0,20.0,46,6230,156,110
99,17,3,95.0,20.0,52,6236,161,109
93,19,3,95.0,20.0,44,6952,157,113
92,21,3,95.0,20.0,41,7673,71,30
96,22,3,95.0,20.0,44,8038,90,46
94,15,3,95.0,20.0,49,5509,131,82
95,18,3,95.0,20.0,47,6593,74,27
105,15,4,105.0,20.0,60,5520,142,82
105,22,4,105.0,20.0,53,8047,80,27
101,17,4,105.0,20.0,54,6238,151,97
101,17,4,105.0,20.0,54,6238,100,46
106,20,4,105.0,20.0,56,7326,90,34
102,15,4,105.0,20.0,57,5517,139,82
101,22,4,105.0,20.0,49,8043,152,103
105,18,4,105.0,20.0,57,6603,100,43
100,19,4,105.0,20.0,51,6959,71,20
104,24,4,105.0,20.0,50,8768,96,46
118,20,5,115.0,20.0,68,7338,109,41
111,24,5,115.0,20.0,57,8775,74,17
112,23,5,115.0,20.0,59,8415,103,44
115,24,5,115.0,20.0,61,8779,150,89
118,20,5,115.0,20.0,68,7338,86,18
115,17,5,115.0,20.0,68,6252,161,93
114,21,5,115.0,20.0,63,7695,104,41
118,17,5,115.0,20.0,71,6255,90,19
112,22,5,115.0,20.0,60,8054,102,42
119,24,5,115.0,20.0,65,8783,84,19
128,24,6,125.0,20.0,74,8792,104,30
121,17,6,125.0,20.0,74,6258,178,104
123,24,6,125.0,20.0,69,8787,118,49
122,17,6,125.0,20.0,75,6259,112,37
120,20,6,125.0,20.0,70,7340,101,31
129,17,6,125.0,20.0,82,6266,176,94
129,19,6,125.0,20.0,80,6988,125,45
125,22,6,125.0,20.0,73,8067,170,97
129,21,6,125.0,20.0,78,7710,112,34
125,21,6,125.0,20.0,74,7706,117,43
130,22,7,135.0,20.0,78,8072,130,52
139,17,7,135.0,20.0,92,6276,141,49
137,17,7,135.0,20.0,90,6274,126,36
137,19,7,135.0,20.0,88,6996,131,43
137,16,7,135.0,20.0,91,5913,187,96
134,16,7,135.0,20.0,88,5910,170,82
139,22,7,135.0,20.0,87,8081,118,31
133,20,7,135.0,20.0,83,7353,120,37
138,22,7,135.0,20.0,86,8080,123,37
139,16,7,135.0,20.0,93,5915,140,47
147,23,8,145.0,20.0,94,8450,138,44
149,18,8,145.0,20.0,101,6647,153,52
143,22,8,145.0,20.0,91,8085,210,119
149,15,8,145.0,20.0,104,5564,186,82
147,17,8,145.0,20.0,100,6284,142,42
146,20,8,145.0,20.0,96,7366,118,22
144,21,8,145.0,20.0,93,7725,142,49
146,23,8,145.0,20.0,93,8449,206,113
141,18,8,145.0,20.0,93,6639,126,33
140,21,8,145.0,20.0,89,7721,118,29
153,22,9,155.0,20.0,101,8095,135,34
154,24,9,155.0,20.0,100,8818,340,240
155,24,9,155.0,20.0,101,8819,225,124
157,16,9,155.0,20.0,111,5933,197,86
154,15,9,155.0,20.0,109,5569,201,92
152,24,9,155.0,20.0,98,8816,117,19
155,22,9,155.0,20.0,103,8097,149,46
153,19,9,155.0,20.0,104,7012,200,96
157,20,9,155.0,20.0,107,7377,214,107
154,23,9,155.0,20.0,101,8457,178,77
165,18,10,165.0,20.0,117,6663,166,49
167,22,10,165.0,20.0,115,8109,228,113
168,16,10,165.0,20.0,122,5944,207,85
166,22,10,165.0,20.0,114,8108,219,105
163,24,10,165.0,20.0,109,8827,160,51
160,17,10,165.0,20.0,113,6297,234,121
164,23,10,165.0,20.0,111,8467,163,52
169,19,10,165.0,20.0,120,7028,216,96
168,23,10,165.0,20.0,115,8471,156,41
169,18,10,165.0,20.0,121,6667,211,90
179,21,11,175.0,20.0,128,7760,235,107
178,18,11,175.0,20.0,130,6676,234,104
173,22,11,175.0,20.0,121,8115,231,110
177,20,11,175.0,20.0,127,7397,226,99
178,18,11,175.0,20.0,130,6676,280,150
174,20,11,175.0,20.0,124,7394,262,138
178,23,11,175.0,20.0,125,8481,240,115
177,15,11,175.0,20.0,132,5592,217,85
179,22,11,175.0,20.0,127,8121,238,111
171,23,11,175.0,20.0,118,8474,236,118
181,16,12,185.0,20.0,135,5957,222,87
180,17,12,185.0,20.0,133,6317,224,91
186,15,12,185.0,20.0,141,5601,733,592
183,16,12,185.0,20.0,137,5959,229,92
188,19,12,185.0,20.0,139,7047,255,116
189,21,12,185.0,20.0,138,7770,258,120
184,23,12,185.0,20.0,131,8487,249,118
184,15,12,185.0,20.0,139,5599,227,88
181,17,12,185.0,20.0,134,6318,223,89
183,24,12,185.0,20.0,129,8847,247,118
196,21,13,195.0,20.0,145,7777,256,111
194,24,13,195.0,20.0,140,8858,280,140
197,22,13,195.0,20.0,145,8139,293,148
195,24,13,195.0,20.0,141,8859,251,110
196,16,13,195.0,20.0,150,5972,263,113
193,23,13,195.0,20.0,140,8496,253,113
198,21,13,195.0,20.0,147,7779,280,133
194,19,13,195.0,20.0,145,7053,251,106
199,20,13,195.0,20.0,149,7419,296,147
196,16,13,195.0,20.0,150,5972,241,91
208,23,14,205.0,20.0,155,8511,267,112
207,24,14,205.0,20.0,153,8871,265,112
200,15,14,205.0,20.0,155,5615,723,568
204,23,14,205.0,20.0,151,8507,295,144
208,18,14,205.0,20.0,160,6706,310,150
208,16,14,205.0,20.0,162,5984,254,92
200,21,14,205.0,20.0,149,7781,254,105
200,17,14,205.0,20.0,153,6337,257,104
200,17,14,205.0,20.0,153,6337,261,108
207,22,14,205.0,20.0,155,8149,273,118
211,16,15,215.0,20.0,165,5987,279,114
217,23,15,215.0,20.0,164,8520,294,130
217,20,15,215.0,20.0,167,7437,324,157
219,22,15,215.0,20.0,167,8161,284,117
217,15,15,215.0,20.0,172,5632,692,520
217,20,15,215.0,20.0,167,7437,1001,834
214,18,15,215.0,20.0,166,6712,715,549
210,15,15,215.0,20.0,165,5625,281,116
215,18,15,215.0,20.0,167,6713,280,113
217,22,15,215.0,20.0,165,8159,274,109
224,24,16,225.0,20.0,170,8888,338,168
223,22,16,225.0,20.0,171,8165,299,128
227,23,16,225.0,20.0,174,8530,301,127
223,22,16,225.0,20.0,171,8165,302,131
223,21,16,225.0,20.0,172,7804,333,161
226,15,16,225.0,20.0,181,5641,691,510
222,17,16,225.0,20.0,175,6359,698,523
220,16,16,225.0,20.0,174,5996,688,514
227,17,16,225.0,20.0,180,6364,419,239
225,17,16,225.0,20.0,178,6362,697,519
235,18,17,235.0,20.0,187,6733,397,210
238,18,17,235.0,20.0,190,6736,425,235
238,15,17,235.0,20.0,193,5653,413,220
238,24,17,235.0,20.0,184,8902,305,121
237,24,17,235.0,20.0,183,8901,337,154
230,17,17,235.0,20.0,183,6367,403,220
230,15,17,235.0,20.0,185,5645,405,220
235,22,17,235.0,20.0,183,8177,296,113
230,22,17,235.0,20.0,178,8172,302,124
231,16,17,235.0,20.0,185,6007,403,218
243,15,18,245.0,20.0,198,5658,421,223
240,23,18,245.0,20.0,187,8543,311,124
240,18,18,245.0,20.0,192,6738,406,214
247,23,18,245.0,20.0,194,8550,333,139
241,20,18,245.0,20.0,191,7461,422,231
249,18,18,245.0,20.0,201,6747,314,113
243,19,18,245.0,20.0,194,7102,388,194
246,16,18,245.0,20.0,200,6022,415,215
245,15,18,245.0,20.0,200,5660,416,216
240,15,18,245.0,20.0,195,5655,413,218
250,19,19,255.0,20.0,201,7109,381,180
253,15,19,255.0,20.0,208,5668,407,199
253,16,19,255.0,20.0,207,6029,433,226
251,17,19,255.0,20.0,204,6388,400,196
253,22,19,255.0,20.0,201,8195,401,200
254,19,19,255.0,20.0,205,7113,356,151
253,16,19,255.0,20.0,207,6029,446,239
257,20,19,255.0,20.0,207,7477,399,192
259,23,19,255.0,20.0,206,8562,327,121
253,24,19,255.0,20.0,199,8917,333,134
268,23,20,265.0,20.0,215,8571,377,162
268,23,20,265.0,20.0,215,8571,456,241
269,16,20,265.0,20.0,223,6045,390,167
262,22,20,265.0,20.0,210,8204,341,131
265,18,20,265.0,20.0,217,6763,420,203
269,18,20,265.0,20.0,221,6767,392,171
268,21,20,265.0,20.0,217,7849,374,157
263,22,20,265.0,20.0,211,8205,363,152
269,23,20,265.0,20.0,216,8572,355,139
260,22,20,265.0,20.0,208,8202,378,170
270,21,21,275.0,20.0,219,7851,390,171
274,16,21,275.0,20.0,228,6050,389,161
276,16,21,275.0,20.0,230,6052,390,160
274,15,21,275.0,20.0,229,5689,453,224
271,22,21,275.0,20.0,219,8213,379,160
270,18,21,275.0,20.0,222,6768,400,178
279,19,21,275.0,20.0,230,7138,366,136
271,21,21,275.0,20.0,220,7852,427,207
276,16,21,275.0,20.0,230,6052,389,159
275,20,21,275.0,20.0,225,7495,406,181
289,19,22,285.0,20.0,240,7148,417,177
280,21,22,285.0,20.0,229,7861,390,161
285,21,22,285.0,20.0,234,7866,404,170
289,23,22,285.0,20.0,236,8592,398,162
281,22,22,285.0,20.0,229,8223,402,173
284,17,22,285.0,20.0,237,6421,415,178
282,16,22,285.0,20.0,236,6058,464,228
281,15,22,285.0,20.0,236,5696,482,246
284,15,22,285.0,20.0,239,5699,463,224
282,16,22,285.0,20.0,236,6058,477,241
294,19,23,295.0,20.0,245,7153,441,196
297,16,23,295.0,20.0,251,6073,442,191
297,15,23,295.0,20.0,252,5712,451,199
292,23,23,295.0,20.0,239,8595,433,194
298,23,23,295.0,20.0,245,8601,444,199
294,16,23,295.0,20.0,248,6070,413,165
295,18,23,295.0,20.0,247,6793,412,165
290,15,23,295.0,20.0,245,5705,469,224
294,19,23,295.0,20.0,245,7153,407,162
295,18,23,295.0,20.0,247,6793,429,182
306,22,24,305.0,20.0,254,8248,432,178
304,21,24,305.0,20.0,253,7885,438,185
309,18,24,305.0,20.0,261,6807,436,175
302,21,24,305.0,20.0,251,7883,477,226
309,22,24,305.0,20.0,257,8251,432,175
307,22,24,305.0,20.0,255,8249,429,174
305,15,24,305.0,20.0,260,5720,487,227
307,21,24,305.0,20.0,256,7888,452,196
301,23,24,305.0,20.0,248,8604,407,159
306,15,24,305.0,20.0,261,5721,563,302
314,18,25,312.5,20.0,266,6812,517,251
314,22,25,312.5,20.0,262,8256,454,192
314,21,25,312.5,20.0,263,7895,450,187
312,17,25,312.5,20.0,265,6449,443,178
310,15,25,312.5,20.0,265,5725,492,227
312,24,25,312.5,20.0,258,8976,573,315
313,24,25,312.5,20.0,259,8977,429,170
311,22,25,312.5,20.0,259,8253,436,177
311,16,25,312.5,20.0,265,6087,500,235
311,18,25,312.5,20.0,263,6809,505,242
60,25,26,65.0,30.0,5,9085,19,14
65,33,26,65.0,30.0,8,11978,27,19
67,31,26,65.0,30.0,8,11258,17,9
68,34,26,65.0,30.0,12,12342,24,12
67,27,26,65.0,30.0,10,9814,46,36
67,25,26,65.0,30.0,12,9092,47,35
63,27,26,65.0,30.0,6,9810,65,59
61,27,26,65.0,30.0,4,9808,38,34
63,31,26,65.0,30.0,4,11254,26,22
68,31,26,65.0,30.0,9,11259,34,25
78,31,27,75.0,30.0,19,11269,47,28
72,26,27,75.0,30.0,16,9458,30,14
79,30,27,75.0,30.0,19,10909,23,4
71,27,27,75.0,30.0,14,9818,61,47
74,33,27,75.0,30.0,17,11987,23,6
72,32,27,75.0,30.0,14,11624,26,12
70,30,27,75.0,30.0,10,10900,15,5
78,33,27,75.0,30.0,21,11991,30,9
76,29,27,75.0,30.0,17,10545,62,45
76,27,27,75.0,30.0,19,9823,33,14
83,28,28,85.0,30.0,25,10191,52,27
85,29,28,85.0,30.0,26,10554,38,12
86,26,28,85.0,30.0,30,9472,58,28
81,32,28,85.0,30.0,23,11633,30,7
87,28,28,85.0,30.0,29,10195,56,27
82,31,28,85.0,30.0,23,11273,37,14
81,26,28,85.0,30.0,25,9467,63,38
81,25,28,85.0,30.0,26,9106,54,28
80,25,28,85.0,30.0,25,9105,72,47
83,34,28,85.0,30.0,27,12357,46,19
98,29,29,95.0,30.0,39,10567,87,48
92,34,29,95.0,30.0,36,12366,52,16
92,32,29,95.0,30.0,34,11644,73,39
97,31,29,95.0,30.0,38,11288,80,42
95,27,29,95.0,30.0,38,9842,77,39
92,32,29,95.0,30.0,34,11644,60,26
99,30,29,95.0,30.0,39,10929,93,54
90,28,29,95.0,30.0,32,10198,69,37
97,33,29,95.0,30.0,40,12010,80,40
96,28,29,95.0,30.0,38,10204,61,23
109,31,30,105.0,30.0,50,11300,66,16
102,31,30,105.0,30.0,43,11293,131,88
109,28,30,105.0,30.0,51,10217,94,43
109,34,30,105.0,30.0,53,12383,60,7
109,28,30,105.0,30.0,51,10217,116,65
103,28,30,105.0,30.0,45,10211,67,22
107,34,30,105.0,30.0,51,12381,85,34
106,30,30,105.0,30.0,46,10936,100,54
109,32,30,105.0,30.0,51,11661,101,50
103,29,30,105.0,30.0,44,10572,71,27
117,29,31,115.0,30.0,58,10586,267,209
110,27,31,115.0,30.0,53,9857,110,57
118,29,31,115.0,30.0,59,10587,138,79
110,26,31,115.0,30.0,54,9496,89,35
115,29,31,115.0,30.0,56,10584,100,44
115,25,31,115.0,30.0,60,9140,273,213
110,29,31,115.0,30.0,51,10579,83,32
113,30,31,115.0,30.0,53,10943,114,61
119,32,31,115.0,30.0,61,11671,93,32
116,30,31,115.0,30.0,56,10946,135,79
120,28,32,125.0,30.0,62,10228,98,36
125,25,32,125.0,30.0,70,9150,106,36
123,26,32,125.0,30.0,67,9509,102,35
124,34,32,125.0,30.0,68,12398,142,74
122,28,32,125.0,30.0,64,10230,111,47
129,29,32,125.0,30.0,70,10598,129,59
121,30,32,125.0,30.0,61,10951,102,41
126,27,32,125.0,30.0,69,9873,116,47
129,29,32,125.0,30.0,70,10598,122,52
122,25,32,125.0,30.0,67,9147,310,243
135,32,33,135.0,30.0,77,11687,159,82
137,31,33,135.0,30.0,78,11328,182,104
134,30,33,135.0,30.0,74,10964,890,816
133,33,33,135.0,30.0,76,12046,113,37
136,32,33,135.0,30.0,78,11688,109,31
136,29,33,135.0,30.0,77,10605,122,45
137,32,33,135.0,30.0,79,11689,118,39
134,29,33,135.0,30.0,75,10603,121,46
134,26,33,135.0,30.0,78,9520,149,71
135,29,33,135.0,30.0,76,10604,881,805
147,32,34,145.0,30.0,89,11699,138,49
147,29,34,145.0,30.0,88,10616,319,231
145,33,34,145.0,30.0,88,12058,103,15
143,29,34,145.0,30.0,84,10612,884,800
143,31,34,145.0,30.0,84,11334,862,778
141,26,34,145.0,30.0,85,9527,132,47
147,28,34,145.0,30.0,89,10255,140,51
147,29,34,145.0,30.0,88,10616,132,44
146,25,34,145.0,30.0,91,9171,109,18
142,30,34,145.0,30.0,82,10972,138,56
159,26,35,155.0,30.0,103,9545,260,157
151,28,35,155.0,30.0,93,10259,183,90
159,27,35,155.0,30.0,102,9906,263,161
154,30,35,155.0,30.0,94,10984,161,67
153,31,35,155.0,30.0,94,11344,848,754
157,28,35,155.0,30.0,99,10265,137,38
159,31,35,155.0,30.0,100,11350,146,46
155,33,35,155.0,30.0,98,12068,823,725
159,34,35,155.0,30.0,103,12433,123,20
154,31,35,155.0,30.0,95,11345,116,21
168,26,36,165.0,30.0,112,9554,168,56
168,33,36,165.0,30.0,111,12081,819,708
166,29,36,165.0,30.0,107,10635,170,63
169,26,36,165.0,30.0,113,9555,252,139
160,33,36,165.0,30.0,103,12073,222,119
166,29,36,165.0,30.0,107,10635,911,804
163,25,36,165.0,30.0,108,9188,148,40
160,26,36,165.0,30.0,104,9546,338,234
167,29,36,165.0,30.0,108,10636,187,79
169,31,36,165.0,30.0,110,11360,843,733
172,28,37,175.0,30.0,114,10280,868,754
173,30,37,175.0,30.0,113,11003,849,736
176,33,37,175.0,30.0,119,12089,751,632
172,34,37,175.0,30.0,116,12446,754,638
174,30,37,175.0,30.0,114,11004,863,749
175,26,37,175.0,30.0,119,9561,237,118
174,25,37,175.0,30.0,119,9199,231,112
175,30,37,175.0,30.0,115,11005,873,758
176,27,37,175.0,30.0,119,9923,276,157
177,28,37,175.0,30.0,119,10285,792,673
186,25,38,185.0,30.0,131,9211,255,124
189,33,38,185.0,30.0,132,12102,262,130
183,27,38,185.0,30.0,126,9930,243,117
188,27,38,185.0,30.0,131,9935,297,166
183,29,38,185.0,30.0,124,10652,281,157
188,31,38,185.0,30.0,129,11379,255,126
184,30,38,185.0,30.0,124,11014,279,155
182,32,38,185.0,30.0,124,11734,259,135
186,33,38,185.0,30.0,129,12099,282,153
183,26,38,185.0,30.0,127,9569,251,124
196,26,39,195.0,30.0,140,9582,258,118
191,30,39,195.0,30.0,131,11021,272,141
195,28,39,195.0,30.0,137,10303,262,125
194,30,39,195.0,30.0,134,11024,264,130
192,31,39,195.0,30.0,133,11383,279,146
197,31,39,195.0,30.0,138,11388,293,155
196,33,39,195.0,30.0,139,12109,285,146
192,33,39,195.0,30.0,135,12105,266,131
197,31,39,195.0,30.0,138,11388,287,149
195,27,39,195.0,30.0,138,9942,289,151
204,31,40,205.0,30.0,145,11395,279,134
206,26,40,205.0,30.0,150,9592,289,139
208,28,40,205.0,30.0,150,10316,300,150
200,29,40,205.0,30.0,141,10669,270,129
202,33,40,205.0,30.0,145,12115,274,129
200,26,40,205.0,30.0,144,9586,262,118
209,26,40,205.0,30.0,153,9595,276,123
202,27,40,205.0,30.0,145,9949,298,153
207,34,40,205.0,30.0,151,12481,281,130
201,33,40,205.0,30.0,144,12114,269,125
214,31,41,215.0,30.0,155,11405,293,138
211,27,41,215.0,30.0,154,9958,393,239
216,32,41,215.0,30.0,158,11768,290,132
213,31,41,215.0,30.0,154,11404,319,165
214,30,41,215.0,30.0,154,11044,295,141
211,27,41,215.0,30.0,154,9958,278,124
214,27,41,215.0,30.0,157,9961,276,119
214,32,41,215.0,30.0,156,11766,304,148
210,29,41,215.0,30.0,151,10679,294,143
213,33,41,215.0,30.0,156,12126,312,156
223,34,42,225.0,30.0,167,12497,348,181
220,27,42,225.0,30.0,163,9967,321,158
227,28,42,225.0,30.0,169,10335,290,121
222,28,42,225.0,30.0,164,10330,308,144
227,26,42,225.0,30.0,171,9613,433,262
227,28,42,225.0,30.0,169,10335,291,122
224,26,42,225.0,30.0,168,9610,338,170
229,30,42,225.0,30.0,169,11059,320,151
227,28,42,225.0,30.0,169,10335,296,127
228,25,42,225.0,30.0,173,9253,307,134
234,32,43,235.0,30.0,176,11786,344,168
234,28,43,235.0,30.0,176,10342,311,135
235,30,43,235.0,30.0,175,11065,450,275
238,32,43,235.0,30.0,180,11790,323,143
235,33,43,235.0,30.0,178,12148,326,148
237,33,43,235.0,30.0,180,12150,450,270
234,29,43,235.0,30.0,175,10703,299,124
234,27,43,235.0,30.0,177,9981,298,121
236,32,43,235.0,30.0,178,11788,453,275
232,28,43,235.0,30.0,174,10340,471,297
243,26,44,245.0,30.0,187,9629,317,130
241,28,44,245.0,30.0,183,10349,319,136
248,26,44,245.0,30.0,192,9634,325,133
243,33,44,245.0,30.0,186,12156,480,294
247,33,44,245.0,30.0,190,12160,332,142
247,31,44,245.0,30.0,188,11438,313,125
243,28,44,245.0,30.0,185,10351,482,297
248,28,44,245.0,30.0,190,10356,338,148
249,31,44,245.0,30.0,190,11440,463,273
242,30,44,245.0,30.0,182,11072,310,128
256,25,45,255.0,30.0,201,9281,363,162
258,34,45,255.0,30.0,202,12532,378,176
251,30,45,255.0,30.0,191,11081,468,277
252,33,45,255.0,30.0,195,12165,365,170
256,33,45,255.0,30.0,199,12169,348,149
258,31,45,255.0,30.0,199,11449,368,169
259,34,45,255.0,30.0,203,12533,332,129
256,26,45,255.0,30.0,200,9642,316,116
252,29,45,255.0,30.0,193,10721,321,128
258,25,45,255.0,30.0,203,9283,328,125
265,31,46,265.0,30.0,206,11456,383,177
260,27,46,265.0,30.0,203,10007,343,140
268,29,46,265.0,30.0,209,10737,427,218
263,31,46,265.0,30.0,204,11454,389,185
260,33,46,265.0,30.0,203,12173,354,151
268,27,46,265.0,30.0,211,10015,381,170
264,29,46,265.0,30.0,205,10733,337,132
261,26,46,265.0,30.0,205,9647,324,119
265,26,46,265.0,30.0,209,9651,357,148
264,27,46,265.0,30.0,207,10011,330,123
271,31,47,275.0,30.0,212,11462,380,168
271,26,47,275.0,30.0,215,9657,352,137
270,29,47,275.0,30.0,211,10739,339,128
271,29,47,275.0,30.0,212,10740,368,156
271,29,47,275.0,30.0,212,10740,391,179
279,25,47,275.0,30.0,224,9304,396,172
279,33,47,275.0,30.0,222,12192,401,179
272,29,47,275.0,30.0,213,10741,374,161
272,33,47,275.0,30.0,215,12185,356,141
271,33,47,275.0,30.0,214,12184,375,161
285,34,48,285.0,30.0,229,12559,386,157
289,33,48,285.0,30.0,232,12202,528,296
280,31,48,285.0,30.0,221,11471,390,169
283,33,48,285.0,30.0,226,12196,397,171
289,34,48,285.0,30.0,233,12563,409,176
280,28,48,285.0,30.0,222,10388,404,182
288,33,48,285.0,30.0,231,12201,501,270
287,32,48,285.0,30.0,229,11839,399,170
287,34,48,285.0,30.0,231,12561,374,143
284,26,48,285.0,30.0,228,9670,402,174
292,27,49,295.0,30.0,235,10039,572,337
290,27,49,295.0,30.0,233,10037,411,178
291,25,49,295.0,30.0,236,9316,420,184
296,26,49,295.0,30.0,240,9682,582,342
295,28,49,295.0,30.0,237,10403,401,164
295,30,49,295.0,30.0,235,11125,417,182
293,28,49,295.0,30.0,235,10401,407,172
298,32,49,295.0,30.0,240,11850,406,166
290,26,49,295.0,30.0,234,9676,405,171
294,33,49,295.0,30.0,237,12207,402,165
306,27,50,305.0,30.0,249,10053,567,318
303,30,50,305.0,30.0,243,11133,568,325
308,29,50,305.0,30.0,249,10777,436,187
300,25,50,305.0,30.0,245,9325,406,161
303,33,50,305.0,30.0,246,12216,419,173
308,32,50,305.0,30.0,250,11860,537,287
304,31,50,305.0,30.0,245,11495,434,189
309,33,50,305.0,30.0,252,12222,529,277
301,27,50,305.0,30.0,244,10048,417,173
306,26,50,305.0,30.0,250,9692,430,180
313,26,51,312.5,30.0,257,9699,442,185
310,26,51,312.5,30.0,254,9696,438,184
310,30,51,312.5,30.0,250,11140,406,156
311,30,51,312.5,30.0,251,11141,548,297
312,27,51,312.5,30.0,255,10059,424,169
313,34,51,312.5,30.0,257,12587,541,284
312,30,51,312.5,30.0,252,11142,476,224
311,32,51,312.5,30.0,253,11863,429,176
313,33,51,312.5,30.0,256,12226,425,169
313,25,51,312.5,30.0,258,9338,440,182
61,35,52,65.0,40.0,6,12696,9,3
60,36,52,65.0,40.0,6,13056,7,1
63,39,52,65.0,40.0,12,14142,77,65
60,42,52,65.0,40.0,12,15222,53,41
69,42,52,65.0,40.0,21,15231,70,49
66,43,52,65.0,40.0,19,15589,62,43
60,35,52,65.0,40.0,5,12695,6,1
65,42,52,65.0,40.0,17,15227,62,45
63,35,52,65.0,40.0,8,12698,36,28
60,35,52,65.0,40.0,5,12695,6,1
75,37,53,75.0,40.0,22,13432,47,25
74,41,53,75.0,40.0,25,14875,66,41
71,40,53,75.0,40.0,21,14511,68,47
70,43,53,75.0,40.0,23,15593,64,41
78,43,53,75.0,40.0,31,15601,96,65
74,41,53,75.0,40.0,25,14875,66,41
73,40,53,75.0,40.0,23,14513,73,50
77,44,53,75.0,40.0,31,15961,82,51
72,36,53,75.0,40.0,18,13068,60,42
79,40,53,75.0,40.0,29,14519,71,42
83,37,54,85.0,40.0,30,13440,53,23
88,39,54,85.0,40.0,37,14167,87,50
89,41,54,85.0,40.0,40,14890,82,42
84,36,54,85.0,40.0,30,13080,33,3
87,38,54,85.0,40.0,35,13805,55,20
89,39,54,85.0,40.0,38,14168,42,4
80,40,54,85.0,40.0,30,14520,75,45
81,36,54,85.0,40.0,27,13077,30,3
84,41,54,85.0,40.0,35,14885,81,46
87,38,54,85.0,40.0,35,13805,92,57
98,44,55,95.0,40.0,52,15982,94,42
98,44,55,95.0,40.0,52,15982,99,47
95,43,55,95.0,40.0,48,15618,93,45
97,42,55,95.0,40.0,49,15259,105,56
99,43,55,95.0,40.0,52,15622,111,59
95,40,55,95.0,40.0,45,14535,99,54
98,41,55,95.0,40.0,49,14899,101,52
92,43,55,95.0,40.0,45,15615,90,45
91,40,55,95.0,40.0,41,14531,58,17
97,42,55,95.0,40.0,49,15259,117,68
109,37,56,105.0,40.0,56,13466,64,8
106,42,56,105.0,40.0,58,15268,106,48
101,42,56,105.0,40.0,53,15263,214,161
104,40,56,105.0,40.0,54,14544,380,326
103,35,56,105.0,40.0,48,12738,95,47
108,37,56,105.0,40.0,55,13465,69,14
108,41,56,105.0,40.0,59,14909,140,81
101,36,56,105.0,40.0,47,13097,54,7
103,42,56,105.0,40.0,55,15265,106,51
100,37,56,105.0,40.0,47,13457,82,35
116,35,57,115.0,40.0,61,12751,65,4
113,43,57,115.0,40.0,66,15636,140,74
110,39,57,115.0,40.0,59,14189,162,103
113,39,57,115.0,40.0,62,14192,200,138
117,37,57,115.0,40.0,64,13474,80,16
118,42,57,115.0,40.0,70,15280,118,48
118,35,57,115.0,40.0,63,12753,68,5
119,36,57,115.0,40.0,65,13115,67,2
116,41,57,115.0,40.0,67,14917,139,72
117,39,57,115.0,40.0,66,14196,91,25
129,36,58,125.0,40.0,75,13125,108,33
128,40,58,125.0,40.0,78,14568,132,54
120,41,58,125.0,40.0,71,14921,123,52
126,43,58,125.0,40.0,79,15649,128,49
123,36,58,125.0,40.0,69,13119,82,13
124,37,58,125.0,40.0,71,13481,89,18
129,36,58,125.0,40.0,75,13125,95,20
121,39,58,125.0,40.0,70,14200,151,81
129,44,58,125.0,40.0,83,16013,135,52
121,41,58,125.0,40.0,72,14922,129,57
134,35,59,135.0,40.0,79,12769,90,11
133,35,59,135.0,40.0,78,12768,118,40
134,38,59,135.0,40.0,82,13852,91,9
130,43,59,135.0,40.0,83,15653,129,46
131,38,59,135.0,40.0,79,13849,839,760
131,35,59,135.0,40.0,76,12766,115,39
137,38,59,135.0,40.0,85,13855,99,14
131,43,59,135.0,40.0,84,15654,163,79
130,43,59,135.0,40.0,83,15653,146,63
132,38,59,135.0,40.0,80,13850,114,34
140,43,60,145.0,40.0,93,15663,157,64
147,36,60,145.0,40.0,93,13143,121,28
146,39,60,145.0,40.0,95,14225,114,19
149,37,60,145.0,40.0,96,13506,145,49
142,42,60,145.0,40.0,94,15304,143,49
142,44,60,145.0,40.0,96,16026,139,43
142,37,60,145.0,40.0,89,13499,112,23
146,40,60,145.0,40.0,96,14586,150,54
142,37,60,145.0,40.0,89,13499,109,20
140,44,60,145.0,40.0,94,16024,136,42
158,39,61,155.0,40.0,107,14237,168,61
152,35,61,155.0,40.0,97,12787,791,694
158,41,61,155.0,40.0,109,14959,182,73
150,39,61,155.0,40.0,99,14229,175,76
156,42,61,155.0,40.0,108,15318,157,49
155,36,61,155.0,40.0,101,13151,122,21
155,41,61,155.0,40.0,106,14956,185,79
151,44,61,155.0,40.0,105,16035,162,57
157,38,61,155.0,40.0,105,13875,132,27
150,35,61,155.0,40.0,95,12785,162,67
167,38,62,165.0,40.0,115,13885,791,676
162,39,62,165.0,40.0,111,14241,141,30
162,36,62,165.0,40.0,108,13158,165,57
168,37,62,165.0,40.0,115,13525,786,671
162,37,62,165.0,40.0,109,13519,143,34
162,38,62,165.0,40.0,110,13880,117,7
167,42,62,165.0,40.0,119,15329,190,71
161,38,62,165.0,40.0,109,13879,818,709
167,37,62,165.0,40.0,114,13524,177,63
169,37,62,165.0,40.0,116,13526,789,673
172,41,63,175.0,40.0,123,14973,782,659
178,39,63,175.0,40.0,127,14257,780,653
175,44,63,175.0,40.0,129,16059,773,644
173,43,63,175.0,40.0,126,15696,793,667
179,44,63,175.0,40.0,133,16063,775,642
179,43,63,175.0,40.0,132,15702,782,650
172,40,63,175.0,40.0,122,14612,789,667
176,42,63,175.0,40.0,128,15338,776,648
179,40,63,175.0,40.0,129,14619,778,649
178,39,63,175.0,40.0,127,14257,785,658
180,38,64,185.0,40.0,128,13898,783,655
185,44,64,185.0,40.0,139,16069,797,658
189,39,64,185.0,40.0,138,14268,264,126
184,41,64,185.0,40.0,135,14985,281,146
188,43,64,185.0,40.0,141,15711,283,142
180,35,64,185.0,40.0,125,12815,265,140
189,37,64,185.0,40.0,136,13546,262,126
186,36,64,185.0,40.0,132,13182,294,162
189,37,64,185.0,40.0,136,13546,268,132
183,43,64,185.0,40.0,136,15706,263,127
191,42,65,195.0,40.0,143,15353,285,142
194,43,65,195.0,40.0,147,15717,279,132
190,42,65,195.0,40.0,142,15352,271,129
190,38,65,195.0,40.0,138,13908,264,126
191,41,65,195.0,40.0,142,14992,275,133
198,43,65,195.0,40.0,151,15721,296,145
190,35,65,195.0,40.0,135,12825,260,125
190,40,65,195.0,40.0,140,14630,319,179
190,35,65,195.0,40.0,135,12825,267,132
195,36,65,195.0,40.0,141,13191,267,126
207,40,66,205.0,40.0,157,14647,377,220
204,37,66,205.0,40.0,151,13561,292,141
204,44,66,205.0,40.0,158,16088,288,130
202,39,66,205.0,40.0,151,14281,327,176
204,37,66,205.0,40.0,151,13561,277,126
209,41,66,205.0,40.0,160,15010,293,133
205,42,66,205.0,40.0,157,15367,293,136
206,37,66,205.0,40.0,153,13563,294,141
204,44,66,205.0,40.0,158,16088,300,142
205,41,66,205.0,40.0,156,15006,290,134
210,37,67,215.0,40.0,157,13567,510,353
210,41,67,215.0,40.0,161,15011,295,134
216,38,67,215.0,40.0,164,13934,312,148
210,40,67,215.0,40.0,160,14650,294,134
214,41,67,215.0,40.0,165,15015,304,139
213,41,67,215.0,40.0,164,15014,324,160
211,44,67,215.0,40.0,165,16095,295,130
210,43,67,215.0,40.0,163,15733,292,129
212,38,67,215.0,40.0,160,13930,317,157
217,35,67,215.0,40.0,162,12852,290,128
229,40,68,225.0,40.0,179,14669,337,158
228,38,68,225.0,40.0,176,13946,855,679
229,43,68,225.0,40.0,182,15752,319,137
225,38,68,225.0,40.0,173,13943,1001,828
226,41,68,225.0,40.0,177,15027,334,157
229,35,68,225.0,40.0,174,12864,307,133
220,37,68,225.0,40.0,167,13577,298,131
229,36,68,225.0,40.0,175,13225,323,148
225,42,68,225.0,40.0,177,15387,313,136
229,44,68,225.0,40.0,183,16113,327,144
234,35,69,235.0,40.0,179,12869,316,137
237,36,69,235.0,40.0,183,13233,341,158
230,36,69,235.0,40.0,176,13226,318,142
233,37,69,235.0,40.0,180,13590,309,129
236,37,69,235.0,40.0,183,13593,1001,818
230,37,69,235.0,40.0,177,13587,329,152
239,39,69,235.0,40.0,188,14318,871,683
231,43,69,235.0,40.0,184,15754,330,146
237,35,69,235.0,40.0,182,12872,341,159
239,37,69,235.0,40.0,186,13596,355,169
243,39,70,245.0,40.0,192,14322,323,131
246,35,70,245.0,40.0,191,12881,477,286
242,35,70,245.0,40.0,187,12877,324,137
248,43,70,245.0,40.0,201,15771,329,128
243,44,70,245.0,40.0,197,16127,361,164
244,35,70,245.0,40.0,189,12879,467,278
246,36,70,245.0,40.0,192,13242,468,276
249,39,70,245.0,40.0,198,14328,354,156
245,43,70,245.0,40.0,198,15768,345,147
240,36,70,245.0,40.0,186,13236,318,132
254,43,71,255.0,40.0,207,15777,335,128
257,43,71,255.0,40.0,210,15780,338,128
256,40,71,255.0,40.0,206,14696,360,154
259,38,71,255.0,40.0,207,13977,445,238
253,39,71,255.0,40.0,202,14332,345,143
257,36,71,255.0,40.0,203,13253,334,131
259,39,71,255.0,40.0,208,14338,347,139
251,38,71,255.0,40.0,199,13969,340,141
255,43,71,255.0,40.0,208,15778,336,128
252,43,71,255.0,40.0,205,15775,333,128
269,38,72,265.0,40.0,217,13987,373,156
261,41,72,265.0,40.0,212,15062,367,155
265,40,72,265.0,40.0,215,14705,373,158
265,41,72,265.0,40.0,216,15066,384,168
265,39,72,265.0,40.0,214,14344,368,154
269,43,72,265.0,40.0,222,15792,350,128
269,39,72,265.0,40.0,218,14348,361,143
265,36,72,265.0,40.0,211,13261,369,158
269,40,72,265.0,40.0,219,14709,362,143
260,38,72,265.0,40.0,208,13978,376,168
274,42,73,275.0,40.0,226,15436,372,146
279,41,73,275.0,40.0,230,15080,366,136
278,41,73,275.0,40.0,229,15079,396,167
273,44,73,275.0,40.0,227,16157,369,142
273,42,73,275.0,40.0,225,15435,369,144
273,44,73,275.0,40.0,227,16157,388,161
274,36,73,275.0,40.0,220,13270,375,155
275,43,73,275.0,40.0,228,15798,356,128
276,42,73,275.0,40.0,228,15438,359,131
274,37,73,275.0,40.0,221,13631,389,168
281,44,74,285.0,40.0,235,16165,364,129
289,41,74,285.0,40.0,240,15090,379,139
289,36,74,285.0,40.0,235,13285,411,176
288,35,74,285.0,40.0,233,12923,416,183
286,39,74,285.0,40.0,235,14365,383,148
282,39,74,285.0,40.0,231,14361,365,134
288,37,74,285.0,40.0,235,13645,393,158
282,37,74,285.0,40.0,229,13639,499,270
289,37,74,285.0,40.0,236,13646,391,155
284,39,74,285.0,40.0,233,14363,555,322
291,36,75,295.0,40.0,237,13287,385,148
292,40,75,295.0,40.0,242,14732,379,137
299,38,75,295.0,40.0,247,14017,408,161
297,37,75,295.0,40.0,244,13654,406,162
290,44,75,295.0,40.0,244,16174,384,140
299,42,75,295.0,40.0,251,15461,387,136
296,40,75,295.0,40.0,246,14736,520,274
292,43,75,295.0,40.0,245,15815,413,168
293,41,75,295.0,40.0,244,15094,397,153
291,39,75,295.0,40.0,240,14370,386,146
305,41,76,305.0,40.0,256,15106,574,318
302,43,76,305.0,40.0,255,15825,405,150
301,38,76,305.0,40.0,249,14019,409,160
309,38,76,305.0,40.0,257,14027,432,175
306,38,76,305.0,40.0,254,14024,425,171
306,44,76,305.0,40.0,260,16190,530,270
303,35,76,305.0,40.0,248,12938,398,150
301,36,76,305.0,40.0,247,13297,409,162
302,37,76,305.0,40.0,249,13659,524,275
304,39,76,305.0,40.0,253,14383,525,272
311,43,77,312.5,40.0,264,15834,559,295
312,35,77,312.5,40.0,257,12947,452,195
311,35,77,312.5,40.0,256,12946,412,156
314,35,77,312.5,40.0,259,12949,415,156
313,39,77,312.5,40.0,262,14392,438,176
311,43,77,312.5,40.0,264,15834,546,282
311,36,77,312.5,40.0,257,13307,420,163
314,39,77,312.5,40.0,263,14393,546,283
313,37,77,312.5,40.0,260,13670,539,279
310,40,77,312.5,40.0,260,14750,427,167
