x,y,cell,cell_x,cell_y,opt_traj,point_id,steps_taken,extra_steps
63,19,0,65.0,20.0,14,6922,1001,987
60,15,0,65.0,20.0,15,5475,1001,986
68,15,0,65.0,20.0,23,5483,107,84
61,17,0,65.0,20.0,14,6198,339,325
65,23,0,65.0,20.0,12,8368,58,46
67,18,0,65.0,20.0,19,6565,131,112
68,18,0,65.0,20.0,20,6566,48,28
65,22,0,65.0,20.0,13,8007,50,37
60,15,0,65.0,20.0,15,5475,96,81
60,17,0,65.0,20.0,13,6197,94,81
71,19,1,75.0,20.0,22,6930,38,16
75,23,1,75.0,20.0,22,8378,64,42
78,17,1,75.0,20.0,31,6215,51,20
72,22,1,75.0,20.0,20,8014,57,37
74,16,1,75.0,20.0,28,5850,119,91
76,15,1,75.0,20.0,31,5491,102,71
76,24,1,75.0,20.0,22,8740,74,52
70,24,1,75.0,20.0,16,8734,98,82
71,23,1,75.0,20.0,18,8374,40,22
73,18,1,75.0,20.0,25,6571,1001,976
86,21,2,85.0,20.0,35,7667,66,31
89,18,2,85.0,20.0,41,6587,62,21
84,17,2,85.0,20.0,37,6221,56,19
85,20,2,85.0,20.0,35,7305,61,26
87,19,2,85.0,20.0,38,6946,64,26
80,16,2,85.0,20.0,34,5856,84,50
83,17,2,85.0,20.0,36,6220,64,28
81,23,2,85.0,20.0,28,8384,49,21
83,19,2,85.0,20.0,34,6942,61,27
88,24,2,85.0,20.0,34,8752,55,21
99,22,3,95.0,20.0,47,8041,87,40
92,21,3,95.0,20.0,41,7673,74,33
90,20,3,95.0,20.0,40,7310,103,63
97,22,3,95.0,20.0,45,8039,138,93
94,19,3,95.0,20.0,45,6953,75,30
93,16,3,95.0,20.0,47,5869,98,51
96,21,3,95.0,20.0,45,7677,68,23
92,24,3,95.0,20.0,38,8756,74,36
93,20,3,95.0,20.0,43,7313,94,51
92,20,3,95.0,20.0,42,7312,114,72
102,20,4,105.0,20.0,52,7322,106,54
105,17,4,105.0,20.0,58,6242,96,38
101,17,4,105.0,20.0,54,6238,108,54
103,24,4,105.0,20.0,49,8767,69,20
105,19,4,105.0,20.0,56,6964,223,167
104,23,4,105.0,20.0,51,8407,93,42
102,16,4,105.0,20.0,56,5878,84,28
103,15,4,105.0,20.0,58,5518,148,90
102,17,4,105.0,20.0,55,6239,96,41
105,18,4,105.0,20.0,57,6603,93,36
115,21,5,115.0,20.0,64,7696,113,49
116,17,5,115.0,20.0,69,6253,133,64
119,19,5,115.0,20.0,70,6978,138,68
112,18,5,115.0,20.0,64,6610,157,93
117,21,5,115.0,20.0,66,7698,115,49
113,20,5,115.0,20.0,63,7333,152,89
112,23,5,115.0,20.0,59,8415,124,65
112,24,5,115.0,20.0,58,8776,1001,943
111,15,5,115.0,20.0,66,5526,1001,935
114,21,5,115.0,20.0,63,7695,94,31
127,17,6,125.0,20.0,80,6264,136,56
127,22,6,125.0,20.0,75,8069,221,146
125,24,6,125.0,20.0,71,8789,178,107
121,17,6,125.0,20.0,74,6258,109,35
120,22,6,125.0,20.0,68,8062,131,63
129,16,6,125.0,20.0,83,5905,152,69
124,16,6,125.0,20.0,78,5900,157,79
126,19,6,125.0,20.0,77,6985,133,56
128,18,6,125.0,20.0,80,6626,130,50
123,18,6,125.0,20.0,75,6621,148,73
136,18,7,135.0,20.0,88,6634,249,161
138,22,7,135.0,20.0,86,8080,127,41
137,15,7,135.0,20.0,92,5552,131,39
133,15,7,135.0,20.0,88,5548,141,53
130,18,7,135.0,20.0,82,6628,124,42
135,23,7,135.0,20.0,82,8438,123,41
135,23,7,135.0,20.0,82,8438,164,82
131,16,7,135.0,20.0,85,5907,147,62
136,18,7,135.0,20.0,88,6634,187,99
131,19,7,135.0,20.0,82,6990,1001,919
148,19,8,145.0,20.0,99,7007,1001,902
149,24,8,145.0,20.0,95,8813,150,55
140,21,8,145.0,20.0,89,7721,127,38
146,21,8,145.0,20.0,95,7727,200,105
146,19,8,145.0,20.0,97,7005,169,72
145,17,8,145.0,20.0,98,6282,133,35
146,16,8,145.0,20.0,100,5922,137,37
142,16,8,145.0,20.0,96,5918,135,39
147,21,8,145.0,20.0,96,7728,133,37
148,24,8,145.0,20.0,94,8812,130,36
152,15,9,155.0,20.0,107,5567,1001,894
159,24,9,155.0,20.0,105,8823,157,52
159,18,9,155.0,20.0,111,6657,201,90
153,21,9,155.0,20.0,102,7734,156,54
151,19,9,155.0,20.0,102,7010,1001,899
153,17,9,155.0,20.0,106,6290,202,96
150,21,9,155.0,20.0,99,7731,138,39
151,15,9,155.0,20.0,106,5566,1001,895
150,21,9,155.0,20.0,99,7731,135,36
153,22,9,155.0,20.0,101,8095,150,49
164,15,10,165.0,20.0,119,5579,190,71
160,23,10,165.0,20.0,107,8463,1001,894
166,15,10,165.0,20.0,121,5581,252,131
165,21,10,165.0,20.0,114,7746,186,72
169,16,10,165.0,20.0,123,5945,157,34
162,24,10,165.0,20.0,108,8826,153,45
166,19,10,165.0,20.0,117,7025,172,55
164,18,10,165.0,20.0,116,6662,171,55
167,18,10,165.0,20.0,119,6665,200,81
169,18,10,165.0,20.0,121,6667,170,49
173,23,11,175.0,20.0,120,8476,1001,881
173,17,11,175.0,20.0,126,6310,1001,875
179,16,11,175.0,20.0,133,5955,207,74
175,24,11,175.0,20.0,121,8839,161,40
170,24,11,175.0,20.0,116,8834,152,36
179,22,11,175.0,20.0,127,8121,265,138
170,17,11,175.0,20.0,123,6307,201,78
174,24,11,175.0,20.0,120,8838,150,30
179,20,11,175.0,20.0,129,7399,172,43
170,18,11,175.0,20.0,122,6668,158,36
187,17,12,185.0,20.0,140,6324,1001,861
183,23,12,185.0,20.0,130,8486,1001,871
181,15,12,185.0,20.0,136,5596,1001,865
182,15,12,185.0,20.0,137,5597,1001,864
188,19,12,185.0,20.0,139,7047,1001,862
181,21,12,185.0,20.0,130,7762,1001,871
184,15,12,185.0,20.0,139,5599,1001,862
183,21,12,185.0,20.0,132,7764,1001,869
181,17,12,185.0,20.0,134,6318,1001,867
181,23,12,185.0,20.0,128,8484,1001,873
192,21,13,195.0,20.0,141,7773,1001,860
190,19,13,195.0,20.0,141,7049,1001,860
190,24,13,195.0,20.0,136,8854,1001,865
198,21,13,195.0,20.0,147,7779,1001,854
192,16,13,195.0,20.0,146,5968,1001,855
194,16,13,195.0,20.0,148,5970,241,93
191,15,13,195.0,20.0,146,5606,1001,855
194,22,13,195.0,20.0,142,8136,1001,859
196,17,13,195.0,20.0,149,6333,1001,852
195,20,13,195.0,20.0,145,7415,1001,856
204,16,14,205.0,20.0,158,5980,1001,843
208,23,14,205.0,20.0,155,8511,1001,846
207,24,14,205.0,20.0,153,8871,1001,848
207,19,14,205.0,20.0,158,7066,1001,843
206,21,14,205.0,20.0,155,7787,1001,846
205,20,14,205.0,20.0,155,7425,1001,846
208,15,14,205.0,20.0,163,5623,1001,838
206,17,14,205.0,20.0,159,6343,1001,842
208,23,14,205.0,20.0,155,8511,1001,846
207,16,14,205.0,20.0,161,5983,1001,840
218,20,15,215.0,20.0,168,7438,1001,833
213,19,15,215.0,20.0,164,7072,1001,837
219,21,15,215.0,20.0,168,7800,1001,833
218,15,15,215.0,20.0,173,5633,1001,828
210,24,15,215.0,20.0,156,8874,1001,845
218,20,15,215.0,20.0,168,7438,1001,833
219,19,15,215.0,20.0,170,7078,1001,831
213,21,15,215.0,20.0,162,7794,1001,839
212,23,15,215.0,20.0,159,8515,1001,842
211,22,15,215.0,20.0,159,8153,1001,842
220,24,16,225.0,20.0,166,8884,1001,835
221,16,16,225.0,20.0,175,5997,1001,826
221,18,16,225.0,20.0,173,6719,1001,828
225,24,16,225.0,20.0,171,8889,1001,830
221,18,16,225.0,20.0,173,6719,1001,828
226,21,16,225.0,20.0,175,7807,1001,826
229,23,16,225.0,20.0,176,8532,1001,825
228,21,16,225.0,20.0,177,7809,1001,824
220,23,16,225.0,20.0,167,8523,1001,834
225,15,16,225.0,20.0,180,5640,1001,821
238,21,17,235.0,20.0,187,7819,1001,814
237,18,17,235.0,20.0,189,6735,1001,812
233,19,17,235.0,20.0,184,7092,1001,817
230,15,17,235.0,20.0,185,5645,1001,816
230,16,17,235.0,20.0,184,6006,1001,817
238,21,17,235.0,20.0,187,7819,1001,814
237,15,17,235.0,20.0,192,5652,1001,809
236,21,17,235.0,20.0,185,7817,1001,816
231,22,17,235.0,20.0,179,8173,1001,822
235,18,17,235.0,20.0,187,6733,1001,814
244,20,18,245.0,20.0,194,7464,1001,807
240,23,18,245.0,20.0,187,8543,1001,814
244,18,18,245.0,20.0,196,6742,1001,805
244,18,18,245.0,20.0,196,6742,1001,805
246,20,18,245.0,20.0,196,7466,1001,805
246,23,18,245.0,20.0,193,8549,1001,808
240,21,18,245.0,20.0,189,7821,1001,812
244,21,18,245.0,20.0,193,7825,1001,808
240,19,18,245.0,20.0,191,7099,1001,810
242,23,18,245.0,20.0,189,8545,1001,812
250,20,19,255.0,20.0,200,7470,1001,801
252,20,19,255.0,20.0,202,7472,1001,799
250,22,19,255.0,20.0,198,8192,1001,803
250,21,19,255.0,20.0,199,7831,1001,802
258,23,19,255.0,20.0,205,8561,1001,796
253,19,19,255.0,20.0,204,7112,1001,797
250,16,19,255.0,20.0,204,6026,1001,797
259,20,19,255.0,20.0,209,7479,1001,792
259,16,19,255.0,20.0,213,6035,1001,788
254,17,19,255.0,20.0,207,6391,1001,794
264,24,20,265.0,20.0,210,8928,1001,791
261,19,20,265.0,20.0,212,7120,1001,789
260,15,20,265.0,20.0,215,5675,380,165
269,21,20,265.0,20.0,218,7850,1001,783
264,19,20,265.0,20.0,215,7123,1001,786
262,16,20,265.0,20.0,216,6038,1001,785
269,18,20,265.0,20.0,221,6767,1001,780
265,23,20,265.0,20.0,212,8568,1001,789
261,22,20,265.0,20.0,209,8203,1001,792
264,23,20,265.0,20.0,211,8567,1001,790
274,24,21,275.0,20.0,220,8938,1001,781
271,17,21,275.0,20.0,224,6408,363,139
271,18,21,275.0,20.0,223,6769,1001,778
277,16,21,275.0,20.0,231,6053,434,203
271,21,21,275.0,20.0,220,7852,1001,781
274,17,21,275.0,20.0,227,6411,1001,774
270,16,21,275.0,20.0,224,6046,1001,777
277,24,21,275.0,20.0,223,8941,1001,778
277,18,21,275.0,20.0,229,6775,1001,772
277,20,21,275.0,20.0,227,7497,1001,774
285,19,22,285.0,20.0,236,7144,1001,765
287,21,22,285.0,20.0,236,7868,1001,765
280,18,22,285.0,20.0,232,6778,1001,769
286,15,22,285.0,20.0,241,5701,1001,760
280,19,22,285.0,20.0,231,7139,1001,770
286,24,22,285.0,20.0,232,8950,1001,769
282,20,22,285.0,20.0,232,7502,1001,769
287,22,22,285.0,20.0,235,8229,1001,766
280,20,22,285.0,20.0,230,7500,1001,771
286,24,22,285.0,20.0,232,8950,1001,769
295,24,23,295.0,20.0,241,8959,1001,760
298,23,23,295.0,20.0,245,8601,1001,756
297,16,23,295.0,20.0,251,6073,466,215
290,22,23,295.0,20.0,238,8232,362,124
299,15,23,295.0,20.0,254,5714,1001,747
296,18,23,295.0,20.0,248,6794,1001,753
299,20,23,295.0,20.0,249,7519,1001,752
298,16,23,295.0,20.0,252,6074,399,147
297,20,23,295.0,20.0,247,7517,1001,754
290,20,23,295.0,20.0,240,7510,1001,761
304,20,24,305.0,20.0,254,7524,1001,747
308,17,24,305.0,20.0,261,6445,438,177
304,18,24,305.0,20.0,256,6802,1001,745
303,15,24,305.0,20.0,258,5718,1001,743
308,21,24,305.0,20.0,257,7889,1001,744
300,17,24,305.0,20.0,253,6437,1001,748
304,21,24,305.0,20.0,253,7885,1001,748
305,15,24,305.0,20.0,260,5720,489,229
305,15,24,305.0,20.0,260,5720,485,225
306,17,24,305.0,20.0,259,6443,453,194
314,22,25,312.5,20.0,262,8256,1001,739
313,15,25,312.5,20.0,268,5728,466,198
310,18,25,312.5,20.0,262,6808,1001,739
313,18,25,312.5,20.0,265,6811,1001,736
311,22,25,312.5,20.0,259,8253,1001,742
311,15,25,312.5,20.0,266,5726,1001,735
314,21,25,312.5,20.0,263,7895,440,177
314,20,25,312.5,20.0,264,7534,1001,737
314,19,25,312.5,20.0,265,7173,1001,736
313,19,25,312.5,20.0,264,7172,1001,737
68,26,26,65.0,30.0,12,9454,41,29
61,32,26,65.0,30.0,3,11613,26,23
63,32,26,65.0,30.0,5,11615,25,20
67,27,26,65.0,30.0,10,9814,120,110
62,32,26,65.0,30.0,4,11614,213,209
64,31,26,65.0,30.0,5,11255,216,211
63,28,26,65.0,30.0,5,10171,67,62
63,31,26,65.0,30.0,4,11254,33,29
66,26,26,65.0,30.0,10,9452,48,38
60,31,26,65.0,30.0,1,11251,2,1
72,28,27,75.0,30.0,14,10180,46,32
76,28,27,75.0,30.0,18,10184,24,6
75,31,27,75.0,30.0,16,11266,29,13
72,33,27,75.0,30.0,15,11985,41,26
78,25,27,75.0,30.0,23,9103,44,21
78,25,27,75.0,30.0,23,9103,54,31
73,28,27,75.0,30.0,15,10181,72,57
73,25,27,75.0,30.0,18,9098,104,86
71,29,27,75.0,30.0,12,10540,41,29
71,32,27,75.0,30.0,13,11623,54,41
81,25,28,85.0,30.0,26,9106,131,105
80,26,28,85.0,30.0,24,9466,66,42
89,32,28,85.0,30.0,31,11641,47,16
86,33,28,85.0,30.0,29,11999,54,25
86,31,28,85.0,30.0,27,11277,64,37
86,32,28,85.0,30.0,28,11638,53,25
86,27,28,85.0,30.0,29,9833,53,24
89,26,28,85.0,30.0,33,9475,71,38
87,30,28,85.0,30.0,27,10917,65,38
83,29,28,85.0,30.0,24,10552,31,7
98,31,29,95.0,30.0,39,11289,59,20
98,30,29,95.0,30.0,38,10928,52,14
97,25,29,95.0,30.0,42,9122,76,34
92,33,29,95.0,30.0,35,12005,48,13
95,32,29,95.0,30.0,37,11647,45,8
90,33,29,95.0,30.0,33,12003,57,24
97,30,29,95.0,30.0,37,10927,70,33
97,25,29,95.0,30.0,42,9122,88,46
99,29,29,95.0,30.0,40,10568,115,75
94,33,29,95.0,30.0,37,12007,53,16
104,31,30,105.0,30.0,45,11295,65,20
100,28,30,105.0,30.0,42,10208,144,102
105,31,30,105.0,30.0,46,11296,67,21
104,27,30,105.0,30.0,47,9851,81,34
106,34,30,105.0,30.0,50,12380,76,26
108,34,30,105.0,30.0,52,12382,67,15
104,25,30,105.0,30.0,49,9129,137,88
104,34,30,105.0,30.0,48,12378,79,31
104,31,30,105.0,30.0,45,11295,67,22
101,27,30,105.0,30.0,44,9848,89,45
119,27,31,115.0,30.0,62,9866,128,66
119,28,31,115.0,30.0,61,10227,102,41
114,34,31,115.0,30.0,58,12388,94,36
116,30,31,115.0,30.0,56,10946,94,38
111,34,31,115.0,30.0,55,12385,72,17
114,31,31,115.0,30.0,55,11305,104,49
114,28,31,115.0,30.0,56,10222,116,60
111,30,31,115.0,30.0,51,10941,128,77
117,28,31,115.0,30.0,59,10225,116,57
113,29,31,115.0,30.0,54,10582,128,74
124,29,32,125.0,30.0,65,10593,140,75
129,28,32,125.0,30.0,71,10237,128,57
121,33,32,125.0,30.0,64,12034,147,83
127,29,32,125.0,30.0,68,10596,130,62
123,30,32,125.0,30.0,63,10953,97,34
123,30,32,125.0,30.0,63,10953,112,49
126,27,32,125.0,30.0,69,9873,100,31
127,27,32,125.0,30.0,70,9874,149,79
124,34,32,125.0,30.0,68,12398,103,35
122,27,32,125.0,30.0,65,9869,100,35
132,33,33,135.0,30.0,75,12045,102,27
133,31,33,135.0,30.0,74,11324,147,73
132,25,33,135.0,30.0,77,9157,93,16
139,27,33,135.0,30.0,82,9886,148,66
135,33,33,135.0,30.0,78,12048,102,24
138,34,33,135.0,30.0,82,12412,121,39
139,31,33,135.0,30.0,80,11330,106,26
139,28,33,135.0,30.0,81,10247,114,33
136,28,33,135.0,30.0,78,10244,169,91
130,32,33,135.0,30.0,72,11682,132,60
146,28,34,145.0,30.0,88,10254,178,90
141,29,34,145.0,30.0,82,10610,136,54
142,26,34,145.0,30.0,86,9528,1001,915
149,27,34,145.0,30.0,92,9896,143,51
149,26,34,145.0,30.0,93,9535,152,59
140,29,34,145.0,30.0,81,10609,215,134
145,32,34,145.0,30.0,87,11697,147,60
146,27,34,145.0,30.0,89,9893,162,73
145,26,34,145.0,30.0,89,9531,182,93
147,31,34,145.0,30.0,88,11338,197,109
155,32,35,155.0,30.0,97,11707,147,50
157,31,35,155.0,30.0,98,11348,191,93
150,31,35,155.0,30.0,91,11341,170,79
157,27,35,155.0,30.0,100,9904,151,51
153,25,35,155.0,30.0,98,9178,213,115
159,30,35,155.0,30.0,99,10989,1001,902
158,31,35,155.0,30.0,99,11349,226,127
159,34,35,155.0,30.0,103,12433,135,32
156,26,35,155.0,30.0,100,9542,1001,901
151,26,35,155.0,30.0,95,9537,181,86
167,33,36,165.0,30.0,110,12080,131,21
166,34,36,165.0,30.0,110,12440,138,28
163,31,36,165.0,30.0,104,11354,187,83
166,27,36,165.0,30.0,109,9913,157,48
164,31,36,165.0,30.0,105,11355,155,50
163,32,36,165.0,30.0,105,11715,175,70
162,32,36,165.0,30.0,104,11714,168,64
169,28,36,165.0,30.0,111,10277,184,73
166,26,36,165.0,30.0,110,9552,152,42
168,29,36,165.0,30.0,109,10637,227,118
179,27,37,175.0,30.0,122,9926,195,73
174,33,37,175.0,30.0,117,12087,194,77
173,29,37,175.0,30.0,114,10642,1001,887
175,30,37,175.0,30.0,115,11005,188,73
176,30,37,175.0,30.0,116,11006,1001,885
175,26,37,175.0,30.0,119,9561,167,48
179,26,37,175.0,30.0,123,9565,1001,878
172,33,37,175.0,30.0,115,12085,1001,886
173,34,37,175.0,30.0,117,12447,156,39
179,27,37,175.0,30.0,122,9926,1001,879
184,33,38,185.0,30.0,127,12097,1001,874
180,28,38,185.0,30.0,122,10288,1001,879
186,28,38,185.0,30.0,128,10294,1001,873
189,25,38,185.0,30.0,134,9214,1001,867
189,29,38,185.0,30.0,130,10658,1001,871
182,25,38,185.0,30.0,127,9207,1001,874
189,30,38,185.0,30.0,129,11019,1001,872
185,31,38,185.0,30.0,126,11376,1001,875
181,31,38,185.0,30.0,122,11372,275,153
185,28,38,185.0,30.0,127,10293,1001,874
191,25,39,195.0,30.0,136,9216,1001,865
191,29,39,195.0,30.0,132,10660,1001,869
195,30,39,195.0,30.0,135,11025,1001,866
193,33,39,195.0,30.0,136,12106,1001,865
197,25,39,195.0,30.0,142,9222,1001,859
195,26,39,195.0,30.0,139,9581,1001,862
191,25,39,195.0,30.0,136,9216,1001,865
191,29,39,195.0,30.0,132,10660,1001,869
195,26,39,195.0,30.0,139,9581,1001,862
192,27,39,195.0,30.0,135,9939,1001,866
200,31,40,205.0,30.0,141,11391,1001,860
207,29,40,205.0,30.0,148,10676,1001,853
201,33,40,205.0,30.0,144,12114,1001,857
204,30,40,205.0,30.0,144,11034,1001,857
201,34,40,205.0,30.0,145,12475,1001,856
202,26,40,205.0,30.0,146,9588,1001,855
201,28,40,205.0,30.0,143,10309,1001,858
201,34,40,205.0,30.0,145,12475,1001,856
206,33,40,205.0,30.0,149,12119,1001,852
206,27,40,205.0,30.0,149,9953,1001,852
212,28,41,215.0,30.0,154,10320,1001,847
214,28,41,215.0,30.0,156,10322,1001,845
214,32,41,215.0,30.0,156,11766,1001,845
212,34,41,215.0,30.0,156,12486,1001,845
213,30,41,215.0,30.0,153,11043,1001,848
212,32,41,215.0,30.0,154,11764,1001,847
212,32,41,215.0,30.0,154,11764,1001,847
216,26,41,215.0,30.0,160,9602,1001,841
215,27,41,215.0,30.0,158,9962,1001,843
216,29,41,215.0,30.0,157,10685,1001,844
228,28,42,225.0,30.0,170,10336,1001,831
227,26,42,225.0,30.0,171,9613,1001,830
229,28,42,225.0,30.0,171,10337,1001,830
220,33,42,225.0,30.0,163,12133,1001,838
222,28,42,225.0,30.0,164,10330,1001,837
225,32,42,225.0,30.0,167,11777,1001,834
224,32,42,225.0,30.0,166,11776,1001,835
224,27,42,225.0,30.0,167,9971,1001,834
226,25,42,225.0,30.0,171,9251,305,134
226,30,42,225.0,30.0,166,11056,1001,835
237,28,43,235.0,30.0,179,10345,1001,822
230,32,43,235.0,30.0,172,11782,1001,829
230,30,43,235.0,30.0,170,11060,1001,831
235,28,43,235.0,30.0,177,10343,1001,824
234,32,43,235.0,30.0,176,11786,1001,825
231,34,43,235.0,30.0,175,12505,1001,826
230,29,43,235.0,30.0,171,10699,1001,830
238,27,43,235.0,30.0,181,9985,1001,820
233,26,43,235.0,30.0,177,9619,1001,824
230,34,43,235.0,30.0,174,12504,1001,827
242,33,44,245.0,30.0,185,12155,1001,816
245,32,44,245.0,30.0,187,11797,1001,814
245,25,44,245.0,30.0,190,9270,1001,811
248,25,44,245.0,30.0,193,9273,1001,808
245,31,44,245.0,30.0,186,11436,1001,815
246,25,44,245.0,30.0,191,9271,1001,810
245,34,44,245.0,30.0,189,12519,1001,812
242,30,44,245.0,30.0,182,11072,1001,819
241,32,44,245.0,30.0,183,11793,1001,818
244,34,44,245.0,30.0,188,12518,1001,813
259,31,45,255.0,30.0,200,11450,1001,801
254,27,45,255.0,30.0,197,10001,331,134
253,26,45,255.0,30.0,197,9639,1001,804
251,25,45,255.0,30.0,196,9276,1001,805
254,26,45,255.0,30.0,198,9640,1001,803
251,30,45,255.0,30.0,191,11081,1001,810
251,31,45,255.0,30.0,192,11442,1001,809
258,27,45,255.0,30.0,201,10005,1001,800
258,28,45,255.0,30.0,200,10366,1001,801
250,29,45,255.0,30.0,191,10719,1001,810
260,27,46,265.0,30.0,203,10007,408,205
260,25,46,265.0,30.0,205,9285,1001,796
269,31,46,265.0,30.0,210,11460,367,157
262,26,46,265.0,30.0,206,9648,1001,795
268,25,46,265.0,30.0,213,9293,1001,788
264,27,46,265.0,30.0,207,10011,1001,794
265,26,46,265.0,30.0,209,9651,1001,792
262,29,46,265.0,30.0,203,10731,343,140
260,25,46,265.0,30.0,205,9285,1001,796
265,30,46,265.0,30.0,205,11095,1001,796
274,32,47,275.0,30.0,216,11826,389,173
270,33,47,275.0,30.0,213,12183,389,176
274,26,47,275.0,30.0,218,9660,1001,783
271,34,47,275.0,30.0,215,12545,356,141
275,27,47,275.0,30.0,218,10022,1001,783
277,32,47,275.0,30.0,219,11829,1001,782
271,28,47,275.0,30.0,213,10379,1001,788
279,33,47,275.0,30.0,222,12192,424,202
272,29,47,275.0,30.0,213,10741,1001,788
271,33,47,275.0,30.0,214,12184,383,169
281,31,48,285.0,30.0,222,11472,1001,779
284,34,48,285.0,30.0,228,12558,406,178
289,29,48,285.0,30.0,230,10758,1001,771
284,27,48,285.0,30.0,227,10031,1001,774
281,32,48,285.0,30.0,223,11833,410,187
285,26,48,285.0,30.0,229,9671,1001,772
287,29,48,285.0,30.0,228,10756,375,147
288,34,48,285.0,30.0,232,12562,397,165
281,31,48,285.0,30.0,222,11472,429,207
288,34,48,285.0,30.0,232,12562,393,161
299,32,49,295.0,30.0,241,11851,1001,760
296,26,49,295.0,30.0,240,9682,1001,761
293,30,49,295.0,30.0,233,11123,1001,768
291,30,49,295.0,30.0,231,11121,1001,770
295,34,49,295.0,30.0,239,12569,1001,762
292,27,49,295.0,30.0,235,10039,380,145
291,34,49,295.0,30.0,235,12565,415,180
299,29,49,295.0,30.0,240,10768,1001,761
295,31,49,295.0,30.0,236,11486,1001,765
298,30,49,295.0,30.0,238,11128,1001,763
309,30,50,305.0,30.0,249,11139,1001,752
307,28,50,305.0,30.0,249,10415,1001,752
301,29,50,305.0,30.0,242,10770,1001,759
307,28,50,305.0,30.0,249,10415,1001,752
309,26,50,305.0,30.0,253,9695,1001,748
306,28,50,305.0,30.0,248,10414,1001,753
306,25,50,305.0,30.0,251,9331,1001,750
306,31,50,305.0,30.0,247,11497,1001,754
301,33,50,305.0,30.0,244,12214,422,178
304,30,50,305.0,30.0,244,11134,1001,757
314,25,51,312.5,30.0,259,9339,1001,742
311,31,51,312.5,30.0,252,11502,1001,749
311,33,51,312.5,30.0,254,12224,1001,747
310,34,51,312.5,30.0,254,12584,1001,747
310,27,51,312.5,30.0,253,10057,1001,748
313,34,51,312.5,30.0,257,12587,1001,744
311,27,51,312.5,30.0,254,10058,1001,747
310,26,51,312.5,30.0,254,9696,1001,747
312,30,51,312.5,30.0,252,11142,1001,749
314,32,51,312.5,30.0,256,11866,1001,745
63,35,52,65.0,40.0,8,12698,54,46
60,37,52,65.0,40.0,7,13417,8,1
68,44,52,65.0,40.0,22,15952,76,54
69,35,52,65.0,40.0,14,12704,24,10
67,43,52,65.0,40.0,20,15590,84,64
66,42,52,65.0,40.0,18,15228,1001,983
66,39,52,65.0,40.0,15,14145,105,90
69,43,52,65.0,40.0,22,15592,89,67
61,37,52,65.0,40.0,8,13418,201,193
60,39,52,65.0,40.0,9,14139,50,41
78,37,53,75.0,40.0,25,13435,49,24
79,43,53,75.0,40.0,32,15602,104,72
75,42,53,75.0,40.0,27,15237,70,43
78,39,53,75.0,40.0,27,14157,53,26
77,44,53,75.0,40.0,31,15961,67,36
72,42,53,75.0,40.0,24,15234,146,122
78,39,53,75.0,40.0,27,14157,54,27
72,35,53,75.0,40.0,17,12707,35,18
77,40,53,75.0,40.0,27,14517,88,61
72,38,53,75.0,40.0,20,13790,35,15
84,38,54,85.0,40.0,32,13802,87,55
89,43,54,85.0,40.0,42,15612,98,56
85,37,54,85.0,40.0,32,13442,47,15
85,38,54,85.0,40.0,33,13803,117,84
83,42,54,85.0,40.0,35,15245,78,43
85,44,54,85.0,40.0,39,15969,131,92
86,36,54,85.0,40.0,32,13082,48,16
88,41,54,85.0,40.0,39,14889,108,69
84,35,54,85.0,40.0,29,12719,32,3
83,41,54,85.0,40.0,34,14884,88,54
95,40,55,95.0,40.0,45,14535,93,48
97,37,55,95.0,40.0,44,13454,72,28
96,36,55,95.0,40.0,42,13092,85,43
98,38,55,95.0,40.0,46,13816,83,37
96,36,55,95.0,40.0,42,13092,79,37
94,42,55,95.0,40.0,46,15256,111,65
96,41,55,95.0,40.0,47,14897,100,53
97,39,55,95.0,40.0,46,14176,70,24
98,40,55,95.0,40.0,48,14538,88,40
98,38,55,95.0,40.0,46,13816,58,12
103,42,56,105.0,40.0,55,15265,122,67
105,41,56,105.0,40.0,56,14906,126,70
107,44,56,105.0,40.0,61,15991,130,69
109,44,56,105.0,40.0,63,15993,157,94
106,41,56,105.0,40.0,57,14907,106,49
101,41,56,105.0,40.0,52,14902,106,54
107,40,56,105.0,40.0,57,14547,104,47
109,35,56,105.0,40.0,54,12744,74,20
100,44,56,105.0,40.0,54,15984,96,42
108,39,56,105.0,40.0,57,14187,61,4
117,38,57,115.0,40.0,65,13835,80,15
119,42,57,115.0,40.0,71,15281,126,55
113,42,57,115.0,40.0,65,15275,143,78
119,42,57,115.0,40.0,71,15281,224,153
114,42,57,115.0,40.0,66,15276,164,98
117,35,57,115.0,40.0,62,12752,75,13
113,39,57,115.0,40.0,62,14192,111,49
112,40,57,115.0,40.0,62,14552,1001,939
113,41,57,115.0,40.0,64,14914,147,83
117,44,57,115.0,40.0,71,16001,141,70
129,35,58,125.0,40.0,74,12764,90,16
129,37,58,125.0,40.0,76,13486,89,13
129,36,58,125.0,40.0,75,13125,98,23
123,40,58,125.0,40.0,73,14563,144,71
128,42,58,125.0,40.0,80,15290,163,83
121,42,58,125.0,40.0,73,15283,1001,928
122,36,58,125.0,40.0,68,13118,80,12
126,36,58,125.0,40.0,72,13122,106,34
128,44,58,125.0,40.0,82,16012,154,72
122,42,58,125.0,40.0,74,15284,135,61
136,35,59,135.0,40.0,81,12771,150,69
134,39,59,135.0,40.0,83,14213,148,65
135,35,59,135.0,40.0,80,12770,142,62
137,44,59,135.0,40.0,91,16021,135,44
138,43,59,135.0,40.0,91,15661,1001,910
139,39,59,135.0,40.0,88,14218,134,46
135,40,59,135.0,40.0,85,14575,174,89
139,41,59,135.0,40.0,90,14940,200,110
136,40,59,135.0,40.0,86,14576,206,120
132,36,59,135.0,40.0,78,13128,104,26
148,41,60,145.0,40.0,99,14949,116,17
141,40,60,145.0,40.0,91,14581,1001,910
149,41,60,145.0,40.0,100,14950,1001,901
141,38,60,145.0,40.0,89,13859,127,38
147,44,60,145.0,40.0,101,16031,154,53
143,40,60,145.0,40.0,93,14583,153,60
140,40,60,145.0,40.0,90,14580,154,64
140,38,60,145.0,40.0,88,13858,134,46
144,37,60,145.0,40.0,91,13501,109,18
140,38,60,145.0,40.0,88,13858,298,210
157,39,61,155.0,40.0,106,14236,139,33
157,43,61,155.0,40.0,110,15680,167,57
159,37,61,155.0,40.0,106,13516,130,24
158,43,61,155.0,40.0,111,15681,1001,890
158,38,61,155.0,40.0,106,13876,159,53
153,39,61,155.0,40.0,102,14232,126,24
153,39,61,155.0,40.0,102,14232,129,27
154,42,61,155.0,40.0,106,15316,179,73
154,37,61,155.0,40.0,101,13511,130,29
153,39,61,155.0,40.0,102,14232,133,31
164,42,62,165.0,40.0,116,15326,194,78
163,39,62,165.0,40.0,112,14242,1001,889
165,39,62,165.0,40.0,114,14244,153,39
169,38,62,165.0,40.0,117,13887,166,49
168,37,62,165.0,40.0,115,13525,128,13
164,41,62,165.0,40.0,115,14965,164,49
169,44,62,165.0,40.0,123,16053,1001,878
168,44,62,165.0,40.0,122,16052,159,37
162,43,62,165.0,40.0,115,15685,245,130
160,41,62,165.0,40.0,111,14961,151,40
175,39,63,175.0,40.0,124,14254,204,80
177,39,63,175.0,40.0,126,14256,143,17
176,43,63,175.0,40.0,129,15699,232,103
173,36,63,175.0,40.0,119,13169,151,32
176,36,63,175.0,40.0,122,13172,144,22
174,42,63,175.0,40.0,126,15336,1001,875
178,37,63,175.0,40.0,125,13535,258,133
172,39,63,175.0,40.0,121,14251,165,44
175,37,63,175.0,40.0,122,13532,159,37
176,35,63,175.0,40.0,121,12811,1001,880
183,41,64,185.0,40.0,134,14984,1001,867
183,36,64,185.0,40.0,129,13179,1001,872
184,37,64,185.0,40.0,131,13541,1001,870
182,37,64,185.0,40.0,129,13539,1001,872
180,37,64,185.0,40.0,127,13537,159,32
180,39,64,185.0,40.0,129,14259,195,66
184,35,64,185.0,40.0,129,12819,1001,872
186,35,64,185.0,40.0,131,12821,1001,870
187,37,64,185.0,40.0,134,13544,1001,867
185,37,64,185.0,40.0,132,13542,1001,869
199,44,65,195.0,40.0,153,16083,1001,848
194,38,65,195.0,40.0,142,13912,1001,859
194,39,65,195.0,40.0,143,14273,1001,858
197,41,65,195.0,40.0,148,14998,1001,853
190,44,65,195.0,40.0,144,16074,1001,857
195,44,65,195.0,40.0,149,16079,1001,852
194,42,65,195.0,40.0,146,15356,1001,855
197,41,65,195.0,40.0,148,14998,1001,853
196,39,65,195.0,40.0,145,14275,1001,856
194,44,65,195.0,40.0,148,16078,1001,853
207,43,66,205.0,40.0,160,15730,1001,841
209,42,66,205.0,40.0,161,15371,1001,840
207,42,66,205.0,40.0,159,15369,1001,842
200,38,66,205.0,40.0,148,13918,1001,853
200,35,66,205.0,40.0,145,12835,1001,856
204,38,66,205.0,40.0,152,13922,1001,849
201,36,66,205.0,40.0,147,13197,1001,854
207,41,66,205.0,40.0,158,15008,1001,843
208,39,66,205.0,40.0,157,14287,1001,844
202,38,66,205.0,40.0,150,13920,1001,851
215,37,67,215.0,40.0,162,13572,1001,839
216,35,67,215.0,40.0,161,12851,1001,840
213,42,67,215.0,40.0,165,15375,1001,836
218,35,67,215.0,40.0,163,12853,1001,838
219,42,67,215.0,40.0,171,15381,1001,830
217,38,67,215.0,40.0,165,13935,1001,836
210,44,67,215.0,40.0,164,16094,1001,837
213,37,67,215.0,40.0,160,13570,1001,841
216,39,67,215.0,40.0,165,14295,1001,836
210,38,67,215.0,40.0,158,13928,1001,843
223,41,68,225.0,40.0,174,15024,1001,827
224,41,68,225.0,40.0,175,15025,1001,826
225,38,68,225.0,40.0,173,13943,1001,828
224,40,68,225.0,40.0,174,14664,1001,827
227,44,68,225.0,40.0,181,16111,1001,820
225,41,68,225.0,40.0,176,15026,1001,825
224,41,68,225.0,40.0,175,15025,1001,826
227,44,68,225.0,40.0,181,16111,1001,820
228,41,68,225.0,40.0,179,15029,1001,822
227,37,68,225.0,40.0,174,13584,1001,827
233,38,69,235.0,40.0,181,13951,1001,820
239,42,69,235.0,40.0,191,15401,1001,810
235,44,69,235.0,40.0,189,16119,1001,812
238,41,69,235.0,40.0,189,15039,1001,812
234,35,69,235.0,40.0,179,12869,1001,822
230,41,69,235.0,40.0,181,15031,1001,820
239,43,69,235.0,40.0,192,15762,1001,809
231,40,69,235.0,40.0,181,14671,333,152
231,43,69,235.0,40.0,184,15754,338,154
233,36,69,235.0,40.0,179,13229,357,178
245,39,70,245.0,40.0,194,14324,1001,807
249,42,70,245.0,40.0,201,15411,1001,800
246,36,70,245.0,40.0,192,13242,1001,809
244,41,70,245.0,40.0,195,15045,1001,806
241,40,70,245.0,40.0,191,14681,1001,810
249,37,70,245.0,40.0,196,13606,349,153
240,36,70,245.0,40.0,186,13236,1001,815
247,42,70,245.0,40.0,199,15409,1001,802
240,37,70,245.0,40.0,187,13597,1001,814
244,37,70,245.0,40.0,191,13601,1001,810
251,44,71,255.0,40.0,205,16135,365,160
252,40,71,255.0,40.0,202,14692,348,146
252,36,71,255.0,40.0,198,13248,1001,803
250,39,71,255.0,40.0,199,14329,1001,802
257,43,71,255.0,40.0,210,15780,378,168
252,42,71,255.0,40.0,204,15414,1001,797
253,39,71,255.0,40.0,202,14332,373,171
253,36,71,255.0,40.0,199,13249,384,185
257,36,71,255.0,40.0,203,13253,349,146
252,43,71,255.0,40.0,205,15775,373,168
269,40,72,265.0,40.0,219,14709,1001,782
267,44,72,265.0,40.0,221,16151,380,159
264,40,72,265.0,40.0,214,14704,386,172
267,35,72,265.0,40.0,212,12902,397,185
268,43,72,265.0,40.0,221,15791,1001,780
267,39,72,265.0,40.0,216,14346,501,285
260,39,72,265.0,40.0,209,14339,375,166
263,40,72,265.0,40.0,213,14703,1001,788
264,38,72,265.0,40.0,212,13982,349,137
264,39,72,265.0,40.0,213,14343,358,145
276,41,73,275.0,40.0,227,15077,377,150
271,44,73,275.0,40.0,225,16155,395,170
274,43,73,275.0,40.0,227,15797,1001,774
278,36,73,275.0,40.0,224,13274,360,136
272,40,73,275.0,40.0,222,14712,386,164
270,40,73,275.0,40.0,220,14710,441,221
272,44,73,275.0,40.0,226,16156,1001,775
277,37,73,275.0,40.0,224,13634,469,245
272,44,73,275.0,40.0,226,16156,1001,775
273,37,73,275.0,40.0,220,13630,1001,781
287,36,74,285.0,40.0,233,13283,399,166
288,40,74,285.0,40.0,238,14728,407,169
285,36,74,285.0,40.0,231,13281,406,175
282,43,74,285.0,40.0,235,15805,399,164
282,42,74,285.0,40.0,234,15444,417,183
282,40,74,285.0,40.0,232,14722,1001,769
282,36,74,285.0,40.0,228,13278,399,171
285,40,74,285.0,40.0,235,14725,421,186
288,40,74,285.0,40.0,238,14728,416,178
281,40,74,285.0,40.0,231,14721,384,153
292,44,75,295.0,40.0,246,16176,1001,755
292,38,75,295.0,40.0,240,14010,1001,761
297,36,75,295.0,40.0,243,13293,446,203
293,41,75,295.0,40.0,244,15094,398,154
296,35,75,295.0,40.0,241,12931,395,154
295,39,75,295.0,40.0,244,14374,439,195
290,40,75,295.0,40.0,240,14730,1001,761
296,41,75,295.0,40.0,247,15097,446,199
294,36,75,295.0,40.0,240,13290,1001,761
292,36,75,295.0,40.0,238,13288,399,161
301,44,76,305.0,40.0,255,16185,419,164
306,44,76,305.0,40.0,260,16190,410,150
304,39,76,305.0,40.0,253,14383,1001,748
300,42,76,305.0,40.0,252,15462,430,178
304,37,76,305.0,40.0,251,13661,442,191
309,39,76,305.0,40.0,258,14388,1001,743
306,44,76,305.0,40.0,260,16190,1001,741
300,41,76,305.0,40.0,251,15101,1001,750
304,37,76,305.0,40.0,251,13661,1001,750
301,43,76,305.0,40.0,254,15824,404,150
310,36,77,312.5,40.0,256,13306,1001,745
313,43,77,312.5,40.0,266,15836,1001,735
310,36,77,312.5,40.0,256,13306,1001,745
313,43,77,312.5,40.0,266,15836,1001,735
310,42,77,312.5,40.0,262,15472,1001,739
310,35,77,312.5,40.0,255,12945,1001,746
312,38,77,312.5,40.0,260,14030,1001,741
312,41,77,312.5,40.0,263,15113,414,151
310,38,77,312.5,40.0,258,14028,1001,743
311,40,77,312.5,40.0,261,14751,467,206
