x,y,cell,cell_x,cell_y,opt_traj,point_id,steps_taken,extra_steps
64,18,0,65.0,20.0,16,6562,69,53
60,24,0,65.0,20.0,6,8724,20,14
65,23,0,65.0,20.0,12,8368,26,14
64,19,0,65.0,20.0,15,6923,132,117
63,22,0,65.0,20.0,11,8005,40,29
66,19,0,65.0,20.0,17,6925,1001,984
65,18,0,65.0,20.0,17,6563,93,76
68,16,0,65.0,20.0,22,5844,102,80
61,23,0,65.0,20.0,8,8364,108,100
64,23,0,65.0,20.0,11,8367,25,14
79,19,1,75.0,20.0,30,6938,47,17
74,19,1,75.0,20.0,25,6933,103,78
74,15,1,75.0,20.0,29,5489,85,56
74,23,1,75.0,20.0,21,8377,83,62
72,18,1,75.0,20.0,24,6570,39,15
74,17,1,75.0,20.0,27,6211,88,61
74,17,1,75.0,20.0,27,6211,120,93
72,17,1,75.0,20.0,25,6209,86,61
78,18,1,75.0,20.0,30,6576,48,18
75,20,1,75.0,20.0,25,7295,54,29
81,23,2,85.0,20.0,28,8384,52,24
83,21,2,85.0,20.0,32,7664,52,20
88,23,2,85.0,20.0,35,8391,59,24
87,18,2,85.0,20.0,39,6585,82,43
85,22,2,85.0,20.0,33,8027,58,25
86,16,2,85.0,20.0,40,5862,70,30
87,15,2,85.0,20.0,42,5502,96,54
84,17,2,85.0,20.0,37,6221,78,41
81,20,2,85.0,20.0,31,7301,82,51
87,23,2,85.0,20.0,34,8390,77,43
91,15,3,95.0,20.0,46,5506,95,49
91,24,3,95.0,20.0,37,8755,80,43
94,24,3,95.0,20.0,40,8758,55,15
95,21,3,95.0,20.0,44,7676,1001,957
95,17,3,95.0,20.0,48,6232,146,98
92,18,3,95.0,20.0,44,6590,64,20
90,23,3,95.0,20.0,37,8393,58,21
96,19,3,95.0,20.0,47,6955,66,19
90,23,3,95.0,20.0,37,8393,86,49
93,23,3,95.0,20.0,40,8396,102,62
100,24,4,105.0,20.0,46,8764,62,16
104,19,4,105.0,20.0,55,6963,102,47
109,20,4,105.0,20.0,59,7329,77,18
103,21,4,105.0,20.0,52,7684,89,37
105,22,4,105.0,20.0,53,8047,121,68
103,17,4,105.0,20.0,56,6240,155,99
107,24,4,105.0,20.0,53,8771,230,177
106,15,4,105.0,20.0,61,5521,95,34
109,20,4,105.0,20.0,59,7329,77,18
103,22,4,105.0,20.0,51,8045,81,30
118,24,5,115.0,20.0,64,8782,179,115
110,15,5,115.0,20.0,65,5525,147,82
114,15,5,115.0,20.0,69,5529,151,82
110,16,5,115.0,20.0,64,5886,110,46
114,17,5,115.0,20.0,67,6251,382,315
119,21,5,115.0,20.0,68,7700,221,153
113,22,5,115.0,20.0,61,8055,148,87
119,21,5,115.0,20.0,68,7700,213,145
112,22,5,115.0,20.0,60,8054,112,52
111,20,5,115.0,20.0,61,7331,171,110
124,15,6,125.0,20.0,79,5539,163,84
129,19,6,125.0,20.0,80,6988,207,127
127,21,6,125.0,20.0,76,7708,238,162
124,24,6,125.0,20.0,70,8788,193,123
126,17,6,125.0,20.0,79,6263,193,114
126,24,6,125.0,20.0,72,8790,227,155
128,18,6,125.0,20.0,80,6626,205,125
125,19,6,125.0,20.0,76,6984,183,107
128,22,6,125.0,20.0,76,8070,224,148
123,22,6,125.0,20.0,71,8065,243,172
136,22,7,135.0,20.0,84,8078,218,134
134,22,7,135.0,20.0,82,8076,236,154
134,15,7,135.0,20.0,89,5549,172,83
135,15,7,135.0,20.0,90,5550,269,179
132,17,7,135.0,20.0,85,6269,188,103
131,20,7,135.0,20.0,81,7351,184,103
132,19,7,135.0,20.0,83,6991,194,111
133,18,7,135.0,20.0,85,6631,183,98
136,19,7,135.0,20.0,87,6995,199,112
139,16,7,135.0,20.0,93,5915,207,114
142,21,8,145.0,20.0,91,7723,232,141
142,18,8,145.0,20.0,94,6640,191,97
143,20,8,145.0,20.0,93,7363,210,117
145,22,8,145.0,20.0,93,8087,254,161
144,20,8,145.0,20.0,94,7364,237,143
143,20,8,145.0,20.0,93,7363,210,117
147,19,8,145.0,20.0,98,7006,200,102
147,17,8,145.0,20.0,100,6284,326,226
145,19,8,145.0,20.0,96,7004,244,148
149,22,8,145.0,20.0,97,8091,217,120
155,23,9,155.0,20.0,102,8458,234,132
150,23,9,155.0,20.0,97,8453,255,158
151,21,9,155.0,20.0,100,7732,221,121
156,22,9,155.0,20.0,104,8098,232,128
157,22,9,155.0,20.0,105,8099,252,147
152,20,9,155.0,20.0,102,7372,212,110
158,21,9,155.0,20.0,107,7739,294,187
150,24,9,155.0,20.0,96,8814,226,130
159,17,9,155.0,20.0,112,6296,263,151
156,18,9,155.0,20.0,108,6654,289,181
160,19,10,165.0,20.0,111,7019,230,119
166,17,10,165.0,20.0,119,6303,1001,882
169,21,10,165.0,20.0,118,7750,223,105
167,15,10,165.0,20.0,122,5582,1001,879
167,20,10,165.0,20.0,117,7387,1001,884
162,20,10,165.0,20.0,112,7382,217,105
162,24,10,165.0,20.0,108,8826,248,140
164,23,10,165.0,20.0,111,8467,216,105
166,16,10,165.0,20.0,120,5942,257,137
160,16,10,165.0,20.0,114,5936,269,155
176,21,11,175.0,20.0,125,7757,320,195
170,24,11,175.0,20.0,116,8834,245,129
175,15,11,175.0,20.0,130,5590,1001,871
173,23,11,175.0,20.0,120,8476,306,186
170,19,11,175.0,20.0,121,7029,303,182
172,17,11,175.0,20.0,125,6309,1001,876
178,16,11,175.0,20.0,132,5954,1001,869
174,24,11,175.0,20.0,120,8838,297,177
171,23,11,175.0,20.0,118,8474,267,149
172,16,11,175.0,20.0,126,5948,509,383
188,24,12,185.0,20.0,134,8852,341,207
185,15,12,185.0,20.0,140,5600,1001,861
182,19,12,185.0,20.0,133,7041,1001,868
187,21,12,185.0,20.0,136,7768,301,165
189,22,12,185.0,20.0,137,8131,317,180
182,23,12,185.0,20.0,129,8485,265,136
180,21,12,185.0,20.0,129,7761,266,137
184,24,12,185.0,20.0,130,8848,307,177
189,21,12,185.0,20.0,138,7770,309,171
184,17,12,185.0,20.0,137,6321,371,234
198,19,13,195.0,20.0,149,7057,316,167
195,23,13,195.0,20.0,142,8498,331,189
190,20,13,195.0,20.0,140,7410,286,146
191,24,13,195.0,20.0,137,8855,304,167
198,24,13,195.0,20.0,144,8862,253,109
191,19,13,195.0,20.0,142,7050,347,205
193,19,13,195.0,20.0,144,7052,312,168
193,20,13,195.0,20.0,143,7413,313,170
194,17,13,195.0,20.0,147,6331,1001,854
195,22,13,195.0,20.0,143,8137,293,150
201,23,14,205.0,20.0,148,8504,259,111
207,17,14,205.0,20.0,160,6344,385,225
207,20,14,205.0,20.0,157,7427,303,146
208,16,14,205.0,20.0,162,5984,700,538
207,16,14,205.0,20.0,161,5983,360,199
202,19,14,205.0,20.0,153,7061,323,170
203,20,14,205.0,20.0,153,7423,330,177
207,19,14,205.0,20.0,158,7066,382,224
204,22,14,205.0,20.0,152,8146,289,137
207,18,14,205.0,20.0,159,6705,324,165
215,23,15,215.0,20.0,162,8518,333,171
212,22,15,215.0,20.0,160,8154,353,193
219,20,15,215.0,20.0,169,7439,288,119
214,21,15,215.0,20.0,163,7795,1001,838
217,19,15,215.0,20.0,168,7076,1001,833
213,22,15,215.0,20.0,161,8155,307,146
217,15,15,215.0,20.0,172,5632,411,239
215,19,15,215.0,20.0,166,7074,327,161
217,18,15,215.0,20.0,169,6715,714,545
215,23,15,215.0,20.0,162,8518,348,186
221,15,16,225.0,20.0,176,5636,694,518
227,24,16,225.0,20.0,173,8891,325,152
222,23,16,225.0,20.0,169,8525,328,159
224,22,16,225.0,20.0,172,8166,757,585
227,21,16,225.0,20.0,176,7808,432,256
220,18,16,225.0,20.0,172,6718,710,538
221,15,16,225.0,20.0,176,5636,700,524
222,20,16,225.0,20.0,172,7442,334,162
225,19,16,225.0,20.0,176,7084,298,122
229,16,16,225.0,20.0,183,6005,408,225
234,20,17,235.0,20.0,184,7454,442,258
238,15,17,235.0,20.0,193,5653,397,204
235,22,17,235.0,20.0,183,8177,460,277
233,20,17,235.0,20.0,183,7453,420,237
232,17,17,235.0,20.0,185,6369,401,216
233,17,17,235.0,20.0,186,6370,415,229
239,20,17,235.0,20.0,189,7459,420,231
236,22,17,235.0,20.0,184,8178,456,272
233,19,17,235.0,20.0,184,7092,418,234
238,24,17,235.0,20.0,184,8902,509,325
243,24,18,245.0,20.0,189,8907,442,253
244,16,18,245.0,20.0,198,6020,397,199
241,18,18,245.0,20.0,193,6739,417,224
240,16,18,245.0,20.0,194,6016,414,220
248,15,18,245.0,20.0,203,5663,440,237
248,18,18,245.0,20.0,200,6746,408,208
244,23,18,245.0,20.0,191,8547,450,259
240,19,18,245.0,20.0,191,7099,391,200
246,23,18,245.0,20.0,193,8549,462,269
242,23,18,245.0,20.0,189,8545,471,282
252,21,19,255.0,20.0,201,7833,435,234
259,15,19,255.0,20.0,214,5674,431,217
257,20,19,255.0,20.0,207,7477,404,197
252,22,19,255.0,20.0,200,8194,436,236
252,22,19,255.0,20.0,200,8194,429,229
252,20,19,255.0,20.0,202,7472,411,209
251,17,19,255.0,20.0,204,6388,400,196
252,15,19,255.0,20.0,207,5667,391,184
253,20,19,255.0,20.0,203,7473,408,205
258,18,19,255.0,20.0,210,6756,383,173
268,16,20,265.0,20.0,222,6044,1001,779
261,17,20,265.0,20.0,214,6398,402,188
261,20,20,265.0,20.0,211,7481,368,157
265,20,20,265.0,20.0,215,7485,517,302
261,19,20,265.0,20.0,212,7120,369,157
267,20,20,265.0,20.0,217,7487,374,157
266,17,20,265.0,20.0,219,6403,433,214
262,18,20,265.0,20.0,214,6760,392,178
261,18,20,265.0,20.0,213,6759,377,164
260,23,20,265.0,20.0,207,8563,431,224
278,24,21,275.0,20.0,224,8942,432,208
273,23,21,275.0,20.0,220,8576,400,180
270,16,21,275.0,20.0,224,6046,431,207
275,24,21,275.0,20.0,221,8939,378,157
275,18,21,275.0,20.0,227,6773,415,188
278,19,21,275.0,20.0,229,7137,401,172
271,24,21,275.0,20.0,217,8935,387,170
278,17,21,275.0,20.0,231,6415,503,272
274,20,21,275.0,20.0,224,7494,399,175
272,15,21,275.0,20.0,227,5687,446,219
283,18,22,285.0,20.0,235,6781,422,187
289,20,22,285.0,20.0,239,7509,421,182
288,22,22,285.0,20.0,236,8230,443,207
284,24,22,285.0,20.0,230,8948,487,257
287,18,22,285.0,20.0,239,6785,421,182
289,18,22,285.0,20.0,241,6787,433,192
288,15,22,285.0,20.0,243,5703,414,171
282,20,22,285.0,20.0,232,7502,425,193
289,18,22,285.0,20.0,241,6787,674,433
287,20,22,285.0,20.0,237,7507,697,460
296,17,23,295.0,20.0,249,6433,551,302
290,22,23,295.0,20.0,238,8232,455,217
297,18,23,295.0,20.0,249,6795,586,337
292,21,23,295.0,20.0,241,7873,439,198
293,15,23,295.0,20.0,248,5708,449,201
294,22,23,295.0,20.0,242,8236,464,222
299,21,23,295.0,20.0,248,7880,445,197
297,15,23,295.0,20.0,252,5712,424,172
294,24,23,295.0,20.0,240,8958,466,226
295,15,23,295.0,20.0,250,5710,425,175
309,20,24,305.0,20.0,259,7529,591,332
308,21,24,305.0,20.0,257,7889,635,378
308,17,24,305.0,20.0,261,6445,601,340
304,18,24,305.0,20.0,256,6802,477,221
308,15,24,305.0,20.0,263,5723,566,303
300,21,24,305.0,20.0,249,7881,434,185
300,15,24,305.0,20.0,255,5715,562,307
308,21,24,305.0,20.0,257,7889,503,246
309,19,24,305.0,20.0,260,7168,485,225
305,20,24,305.0,20.0,255,7525,564,309
310,22,25,312.5,20.0,258,8252,464,206
313,18,25,312.5,20.0,265,6811,462,197
313,18,25,312.5,20.0,265,6811,605,340
310,16,25,312.5,20.0,264,6086,452,188
311,23,25,312.5,20.0,258,8614,432,174
313,16,25,312.5,20.0,267,6089,573,306
310,22,25,312.5,20.0,258,8252,466,208
313,18,25,312.5,20.0,265,6811,443,178
313,17,25,312.5,20.0,266,6450,583,317
310,16,25,312.5,20.0,264,6086,434,170
62,34,26,65.0,30.0,6,12336,49,43
61,34,26,65.0,30.0,5,12335,6,1
68,30,26,65.0,30.0,8,10898,33,25
66,32,26,65.0,30.0,8,11618,29,21
63,30,26,65.0,30.0,3,10893,6,3
69,26,26,65.0,30.0,13,9455,84,71
64,29,26,65.0,30.0,5,10533,8,3
63,29,26,65.0,30.0,4,10532,17,13
68,30,26,65.0,30.0,8,10898,75,67
63,27,26,65.0,30.0,6,9810,28,22
72,32,27,75.0,30.0,14,11624,54,40
79,27,27,75.0,30.0,22,9826,51,29
71,32,27,75.0,30.0,13,11623,34,21
76,34,27,75.0,30.0,20,12350,42,22
79,25,27,75.0,30.0,24,9104,39,15
75,31,27,75.0,30.0,16,11266,73,57
79,32,27,75.0,30.0,21,11631,53,32
75,26,27,75.0,30.0,19,9461,33,14
75,27,27,75.0,30.0,18,9822,50,32
70,32,27,75.0,30.0,12,11622,41,29
86,25,28,85.0,30.0,31,9111,214,183
88,34,28,85.0,30.0,32,12362,43,11
83,30,28,85.0,30.0,23,10913,91,68
89,27,28,85.0,30.0,32,9836,111,79
86,27,28,85.0,30.0,29,9833,52,23
83,28,28,85.0,30.0,25,10191,118,93
89,28,28,85.0,30.0,31,10197,119,88
83,27,28,85.0,30.0,26,9830,270,244
88,28,28,85.0,30.0,30,10196,107,77
88,31,28,85.0,30.0,29,11279,70,41
92,28,29,95.0,30.0,34,10200,163,129
90,29,29,95.0,30.0,31,10559,119,88
94,28,29,95.0,30.0,36,10202,77,41
92,33,29,95.0,30.0,35,12005,60,25
99,26,29,95.0,30.0,43,9485,148,105
94,27,29,95.0,30.0,37,9841,96,59
93,27,29,95.0,30.0,36,9840,104,68
91,32,29,95.0,30.0,33,11643,93,60
95,34,29,95.0,30.0,39,12369,69,30
93,31,29,95.0,30.0,34,11284,110,76
104,28,30,105.0,30.0,46,10212,168,122
104,27,30,105.0,30.0,47,9851,168,121
103,33,30,105.0,30.0,46,12016,104,58
106,29,30,105.0,30.0,47,10575,104,57
103,25,30,105.0,30.0,48,9128,83,35
102,31,30,105.0,30.0,43,11293,63,20
100,28,30,105.0,30.0,42,10208,118,76
106,26,30,105.0,30.0,50,9492,146,96
108,25,30,105.0,30.0,53,9133,69,16
109,32,30,105.0,30.0,51,11661,94,43
114,25,31,115.0,30.0,59,9139,144,85
117,28,31,115.0,30.0,59,10225,154,95
111,34,31,115.0,30.0,55,12385,109,54
119,25,31,115.0,30.0,64,9144,131,67
112,26,31,115.0,30.0,56,9498,264,208
110,29,31,115.0,30.0,51,10579,81,30
117,34,31,115.0,30.0,61,12391,304,243
112,26,31,115.0,30.0,56,9498,160,104
117,31,31,115.0,30.0,58,11308,315,257
111,26,31,115.0,30.0,55,9497,107,52
123,28,32,125.0,30.0,65,10231,1001,936
126,26,32,125.0,30.0,70,9512,235,165
129,33,32,125.0,30.0,72,12042,1001,929
125,31,32,125.0,30.0,66,11316,227,161
127,31,32,125.0,30.0,68,11318,304,236
122,30,32,125.0,30.0,62,10952,1001,939
126,34,32,125.0,30.0,70,12400,1001,931
122,26,32,125.0,30.0,66,9508,1001,935
128,26,32,125.0,30.0,72,9514,1001,929
123,32,32,125.0,30.0,65,11675,271,206
137,28,33,135.0,30.0,79,10245,356,277
134,27,33,135.0,30.0,77,9881,261,184
137,34,33,135.0,30.0,81,12411,1001,920
133,34,33,135.0,30.0,77,12407,861,784
135,25,33,135.0,30.0,80,9160,223,143
130,25,33,135.0,30.0,75,9155,183,108
137,31,33,135.0,30.0,78,11328,270,192
138,32,33,135.0,30.0,80,11690,1001,921
131,27,33,135.0,30.0,74,9878,360,286
138,27,33,135.0,30.0,81,9885,288,207
142,27,34,145.0,30.0,85,9889,297,212
147,30,34,145.0,30.0,87,10977,275,188
148,28,34,145.0,30.0,90,10256,222,132
146,33,34,145.0,30.0,89,12059,832,743
140,27,34,145.0,30.0,83,9887,339,256
146,33,34,145.0,30.0,89,12059,823,734
148,31,34,145.0,30.0,89,11339,350,261
149,27,34,145.0,30.0,92,9896,293,201
140,28,34,145.0,30.0,82,10248,1001,919
143,26,34,145.0,30.0,87,9529,313,226
153,31,35,155.0,30.0,94,11344,754,660
153,29,35,155.0,30.0,94,10622,225,131
159,29,35,155.0,30.0,100,10628,273,173
155,28,35,155.0,30.0,97,10263,304,207
152,29,35,155.0,30.0,93,10621,1001,908
153,28,35,155.0,30.0,95,10261,235,140
155,34,35,155.0,30.0,99,12429,829,730
152,33,35,155.0,30.0,95,12065,315,220
151,26,35,155.0,30.0,95,9537,303,208
155,34,35,155.0,30.0,99,12429,831,732
160,28,36,165.0,30.0,102,10268,219,117
163,28,36,165.0,30.0,105,10271,243,138
162,25,36,165.0,30.0,107,9187,217,110
161,29,36,165.0,30.0,102,10630,246,144
163,29,36,165.0,30.0,104,10632,276,172
160,34,36,165.0,30.0,104,12434,335,231
162,32,36,165.0,30.0,104,11714,361,257
166,29,36,165.0,30.0,107,10635,281,174
160,25,36,165.0,30.0,105,9185,244,139
162,33,36,165.0,30.0,105,12075,1001,896
178,30,37,175.0,30.0,118,11008,276,158
171,34,37,175.0,30.0,115,12445,755,640
173,34,37,175.0,30.0,117,12447,442,325
171,28,37,175.0,30.0,113,10279,267,154
172,34,37,175.0,30.0,116,12446,322,206
177,33,37,175.0,30.0,120,12090,751,631
172,34,37,175.0,30.0,116,12446,756,640
173,31,37,175.0,30.0,114,11364,390,276
179,32,37,175.0,30.0,121,11731,325,204
177,32,37,175.0,30.0,119,11729,281,162
186,30,38,185.0,30.0,126,11016,295,169
183,31,38,185.0,30.0,124,11374,269,145
182,32,38,185.0,30.0,124,11734,267,143
185,25,38,185.0,30.0,130,9210,340,210
188,32,38,185.0,30.0,130,11740,304,174
182,26,38,185.0,30.0,126,9568,257,131
182,25,38,185.0,30.0,127,9207,237,110
189,27,38,185.0,30.0,132,9936,271,139
189,31,38,185.0,30.0,130,11380,269,139
180,25,38,185.0,30.0,125,9205,296,171
197,29,39,195.0,30.0,138,10666,301,163
198,34,39,195.0,30.0,142,12472,320,178
191,32,39,195.0,30.0,133,11743,1001,868
196,26,39,195.0,30.0,140,9582,273,133
197,25,39,195.0,30.0,142,9222,277,135
199,27,39,195.0,30.0,142,9946,268,126
198,32,39,195.0,30.0,140,11750,358,218
196,32,39,195.0,30.0,138,11748,1001,863
191,28,39,195.0,30.0,133,10299,253,120
196,29,39,195.0,30.0,137,10665,276,139
203,31,40,205.0,30.0,144,11394,335,191
205,33,40,205.0,30.0,148,12118,311,163
209,33,40,205.0,30.0,152,12122,337,185
201,29,40,205.0,30.0,142,10670,309,167
205,32,40,205.0,30.0,147,11757,278,131
209,27,40,205.0,30.0,152,9956,357,205
207,28,40,205.0,30.0,149,10315,297,148
200,27,40,205.0,30.0,143,9947,280,137
200,32,40,205.0,30.0,142,11752,416,274
202,25,40,205.0,30.0,147,9227,285,138
211,30,41,215.0,30.0,151,11041,322,171
218,29,41,215.0,30.0,159,10687,287,128
219,27,41,215.0,30.0,162,9966,293,131
210,28,41,215.0,30.0,152,10318,304,152
217,34,41,215.0,30.0,161,12491,325,164
211,30,41,215.0,30.0,151,11041,347,196
214,34,41,215.0,30.0,158,12488,307,149
213,29,41,215.0,30.0,154,10682,319,165
213,33,41,215.0,30.0,156,12126,313,157
214,27,41,215.0,30.0,157,9961,285,128
229,25,42,225.0,30.0,174,9254,323,149
222,33,42,225.0,30.0,165,12135,362,197
221,28,42,225.0,30.0,163,10329,317,154
220,33,42,225.0,30.0,163,12133,1001,838
221,26,42,225.0,30.0,165,9607,1001,836
227,28,42,225.0,30.0,169,10335,305,136
223,27,42,225.0,30.0,166,9970,308,142
226,31,42,225.0,30.0,167,11417,1001,834
228,25,42,225.0,30.0,173,9253,489,316
220,27,42,225.0,30.0,163,9967,311,148
233,28,43,235.0,30.0,175,10341,1001,826
232,32,43,235.0,30.0,174,11784,306,132
236,28,43,235.0,30.0,178,10344,477,299
238,34,43,235.0,30.0,182,12512,1001,819
239,30,43,235.0,30.0,179,11069,449,270
237,31,43,235.0,30.0,178,11428,476,298
239,28,43,235.0,30.0,181,10347,1001,820
231,29,43,235.0,30.0,172,10700,293,121
234,26,43,235.0,30.0,178,9620,331,153
239,34,43,235.0,30.0,183,12513,1001,818
249,32,44,245.0,30.0,191,11801,473,282
240,30,44,245.0,30.0,180,11070,466,286
243,30,44,245.0,30.0,183,11073,1001,818
242,33,44,245.0,30.0,185,12155,479,294
246,33,44,245.0,30.0,189,12159,467,278
245,31,44,245.0,30.0,186,11436,471,285
242,28,44,245.0,30.0,184,10350,1001,817
249,33,44,245.0,30.0,192,12162,1001,809
245,29,44,245.0,30.0,186,10714,1001,815
242,33,44,245.0,30.0,185,12155,1001,816
253,27,45,255.0,30.0,196,10000,440,244
258,26,45,255.0,30.0,202,9644,422,220
251,30,45,255.0,30.0,191,11081,598,407
252,34,45,255.0,30.0,196,12526,1001,805
256,28,45,255.0,30.0,198,10364,488,290
259,31,45,255.0,30.0,200,11450,479,279
259,34,45,255.0,30.0,203,12533,402,199
253,33,45,255.0,30.0,196,12166,538,342
251,30,45,255.0,30.0,191,11081,1001,810
257,32,45,255.0,30.0,199,11809,351,152
265,32,46,265.0,30.0,207,11817,404,197
268,31,46,265.0,30.0,209,11459,381,172
267,30,46,265.0,30.0,207,11097,373,166
265,29,46,265.0,30.0,206,10734,400,194
262,28,46,265.0,30.0,204,10370,381,177
261,32,46,265.0,30.0,203,11813,394,191
266,31,46,265.0,30.0,207,11457,1001,794
261,28,46,265.0,30.0,203,10369,1001,798
262,31,46,265.0,30.0,203,11453,389,186
268,29,46,265.0,30.0,209,10737,368,159
277,30,47,275.0,30.0,217,11107,397,180
278,28,47,275.0,30.0,220,10386,416,196
278,26,47,275.0,30.0,222,9664,1001,779
276,34,47,275.0,30.0,220,12550,410,190
277,27,47,275.0,30.0,220,10024,1001,781
272,33,47,275.0,30.0,215,12185,383,168
273,33,47,275.0,30.0,216,12186,374,158
271,30,47,275.0,30.0,211,11101,468,257
272,25,47,275.0,30.0,217,9297,400,183
279,31,47,275.0,30.0,220,11470,409,189
281,26,48,285.0,30.0,225,9667,381,156
285,34,48,285.0,30.0,229,12559,479,250
288,25,48,285.0,30.0,233,9313,389,156
287,33,48,285.0,30.0,230,12200,398,168
282,27,48,285.0,30.0,225,10029,384,159
281,31,48,285.0,30.0,222,11472,435,213
282,29,48,285.0,30.0,223,10751,397,174
285,29,48,285.0,30.0,226,10754,398,172
287,30,48,285.0,30.0,227,11117,428,201
280,25,48,285.0,30.0,225,9305,430,205
298,28,49,295.0,30.0,240,10406,429,189
297,28,49,295.0,30.0,239,10405,444,205
292,28,49,295.0,30.0,234,10400,424,190
291,25,49,295.0,30.0,236,9316,1001,765
293,34,49,295.0,30.0,237,12567,507,270
299,29,49,295.0,30.0,240,10768,437,197
298,27,49,295.0,30.0,241,10045,399,158
292,27,49,295.0,30.0,235,10039,393,158
295,27,49,295.0,30.0,238,10042,439,201
290,30,49,295.0,30.0,230,11120,452,222
304,27,50,305.0,30.0,247,10051,1001,754
303,26,50,305.0,30.0,247,9689,448,201
303,32,50,305.0,30.0,245,11855,399,154
301,30,50,305.0,30.0,241,11131,528,287
309,30,50,305.0,30.0,249,11139,407,158
307,28,50,305.0,30.0,249,10415,561,312
303,33,50,305.0,30.0,246,12216,644,398
300,28,50,305.0,30.0,242,10408,456,214
302,30,50,305.0,30.0,242,11132,460,218
300,29,50,305.0,30.0,241,10769,452,211
311,33,51,312.5,30.0,254,12224,575,321
313,29,51,312.5,30.0,254,10782,579,325
310,25,51,312.5,30.0,255,9335,479,224
313,33,51,312.5,30.0,256,12226,585,329
313,29,51,312.5,30.0,254,10782,579,325
310,34,51,312.5,30.0,254,12584,592,338
311,27,51,312.5,30.0,254,10058,432,178
310,28,51,312.5,30.0,252,10418,472,220
311,30,51,312.5,30.0,251,11141,500,249
310,33,51,312.5,30.0,253,12223,561,308
66,43,52,65.0,40.0,19,15589,91,72
67,35,52,65.0,40.0,12,12702,17,5
62,37,52,65.0,40.0,9,13419,64,55
61,38,52,65.0,40.0,9,13779,20,11
65,40,52,65.0,40.0,15,14505,72,57
66,44,52,65.0,40.0,20,15950,570,550
65,36,52,65.0,40.0,11,13061,58,47
68,37,52,65.0,40.0,15,13425,24,9
61,40,52,65.0,40.0,11,14501,65,54
61,37,52,65.0,40.0,8,13418,41,33
75,36,53,75.0,40.0,21,13071,49,28
72,42,53,75.0,40.0,24,15234,55,31
76,43,53,75.0,40.0,29,15599,111,82
71,44,53,75.0,40.0,25,15955,66,41
70,42,53,75.0,40.0,22,15232,105,83
75,40,53,75.0,40.0,25,14515,117,92
72,38,53,75.0,40.0,20,13790,53,33
73,36,53,75.0,40.0,19,13069,36,17
70,35,53,75.0,40.0,15,12705,25,10
71,40,53,75.0,40.0,21,14511,84,63
87,42,54,85.0,40.0,39,15249,67,28
81,36,54,85.0,40.0,27,13077,66,39
85,41,54,85.0,40.0,36,14886,133,97
86,40,54,85.0,40.0,36,14526,52,16
89,36,54,85.0,40.0,35,13085,51,16
85,43,54,85.0,40.0,38,15608,71,33
82,43,54,85.0,40.0,35,15605,109,74
84,43,54,85.0,40.0,37,15607,101,64
82,41,54,85.0,40.0,33,14883,61,28
86,37,54,85.0,40.0,33,13443,56,23
99,44,55,95.0,40.0,53,15983,95,42
91,42,55,95.0,40.0,43,15253,113,70
94,43,55,95.0,40.0,47,15617,86,39
92,42,55,95.0,40.0,44,15254,114,70
91,39,55,95.0,40.0,40,14170,51,11
94,37,55,95.0,40.0,41,13451,70,29
90,43,55,95.0,40.0,43,15613,123,80
99,43,55,95.0,40.0,52,15622,90,38
95,44,55,95.0,40.0,49,15979,135,86
95,37,55,95.0,40.0,42,13452,90,48
104,36,56,105.0,40.0,50,13100,110,60
106,36,56,105.0,40.0,52,13102,146,94
107,39,56,105.0,40.0,56,14186,122,66
107,41,56,105.0,40.0,58,14908,107,49
102,40,56,105.0,40.0,52,14542,89,37
106,44,56,105.0,40.0,60,15990,105,45
107,44,56,105.0,40.0,61,15991,118,57
106,40,56,105.0,40.0,56,14546,103,47
104,37,56,105.0,40.0,51,13461,62,11
104,41,56,105.0,40.0,55,14905,106,51
116,36,57,115.0,40.0,62,13112,139,77
110,40,57,115.0,40.0,60,14550,88,28
115,42,57,115.0,40.0,67,15277,232,165
115,38,57,115.0,40.0,63,13833,191,128
114,35,57,115.0,40.0,59,12749,61,2
118,40,57,115.0,40.0,68,14558,155,87
112,40,57,115.0,40.0,62,14552,95,33
112,44,57,115.0,40.0,66,15996,109,43
118,39,57,115.0,40.0,67,14197,181,114
112,39,57,115.0,40.0,61,14191,65,4
124,40,58,125.0,40.0,74,14564,902,828
127,43,58,125.0,40.0,80,15650,1001,921
123,42,58,125.0,40.0,75,15285,899,824
129,35,58,125.0,40.0,74,12764,879,805
127,40,58,125.0,40.0,77,14567,865,788
124,43,58,125.0,40.0,77,15647,1001,924
121,38,58,125.0,40.0,69,13839,906,837
120,38,58,125.0,40.0,68,13838,114,46
122,41,58,125.0,40.0,73,14923,904,831
129,38,58,125.0,40.0,77,13847,859,782
136,37,59,135.0,40.0,83,13493,849,766
134,40,59,135.0,40.0,84,14574,853,769
134,44,59,135.0,40.0,88,16018,869,781
131,41,59,135.0,40.0,82,14932,855,773
135,37,59,135.0,40.0,82,13492,843,761
133,44,59,135.0,40.0,87,16017,891,804
130,44,59,135.0,40.0,84,16014,863,779
135,42,59,135.0,40.0,87,15297,857,770
130,36,59,135.0,40.0,76,13126,1001,925
132,38,59,135.0,40.0,80,13850,838,758
147,40,60,145.0,40.0,97,14587,836,739
145,35,60,145.0,40.0,90,12780,833,743
146,44,60,145.0,40.0,100,16030,889,789
141,41,60,145.0,40.0,92,14942,855,763
149,35,60,145.0,40.0,94,12784,794,700
141,38,60,145.0,40.0,89,13859,884,795
148,38,60,145.0,40.0,96,13866,857,761
147,39,60,145.0,40.0,96,14226,845,749
149,43,60,145.0,40.0,102,15672,916,814
149,40,60,145.0,40.0,99,14589,844,745
157,36,61,155.0,40.0,103,13153,785,682
153,43,61,155.0,40.0,106,15676,865,759
154,43,61,155.0,40.0,107,15677,857,750
153,38,61,155.0,40.0,101,13871,817,716
151,41,61,155.0,40.0,102,14952,846,744
152,37,61,155.0,40.0,99,13509,862,763
153,35,61,155.0,40.0,98,12788,790,692
157,44,61,155.0,40.0,111,16041,802,691
157,35,61,155.0,40.0,102,12792,820,718
151,42,61,155.0,40.0,103,15313,871,768
161,36,62,165.0,40.0,107,13157,804,697
162,39,62,165.0,40.0,111,14241,777,666
164,42,62,165.0,40.0,116,15326,776,660
163,43,62,165.0,40.0,116,15686,797,681
168,38,62,165.0,40.0,116,13886,794,678
162,39,62,165.0,40.0,111,14241,777,666
163,43,62,165.0,40.0,116,15686,807,691
168,41,62,165.0,40.0,119,14969,765,646
164,39,62,165.0,40.0,113,14243,775,662
162,36,62,165.0,40.0,108,13158,817,709
172,44,63,175.0,40.0,126,16056,770,644
171,42,63,175.0,40.0,123,15333,780,657
177,43,63,175.0,40.0,130,15700,791,661
176,41,63,175.0,40.0,127,14977,780,653
176,44,63,175.0,40.0,130,16060,1001,871
177,41,63,175.0,40.0,128,14978,806,678
173,35,63,175.0,40.0,118,12808,762,644
175,38,63,175.0,40.0,123,13893,799,676
179,41,63,175.0,40.0,130,14980,336,206
176,41,63,175.0,40.0,127,14977,798,671
184,38,64,185.0,40.0,132,13902,296,164
183,38,64,185.0,40.0,131,13901,280,149
182,43,64,185.0,40.0,135,15705,379,244
182,44,64,185.0,40.0,136,16066,272,136
184,42,64,185.0,40.0,136,15346,334,198
186,43,64,185.0,40.0,139,15709,289,150
181,36,64,185.0,40.0,127,13177,277,150
187,41,64,185.0,40.0,138,14988,1001,863
183,44,64,185.0,40.0,137,16067,301,164
181,42,64,185.0,40.0,133,15343,499,366
194,41,65,195.0,40.0,145,14995,289,144
196,38,65,195.0,40.0,144,13914,285,141
198,43,65,195.0,40.0,151,15721,519,368
198,40,65,195.0,40.0,148,14638,303,155
197,40,65,195.0,40.0,147,14637,434,287
195,36,65,195.0,40.0,141,13191,1001,860
199,35,65,195.0,40.0,144,12834,319,175
194,41,65,195.0,40.0,145,14995,294,149
198,43,65,195.0,40.0,151,15721,299,148
196,35,65,195.0,40.0,141,12831,305,164
200,44,66,205.0,40.0,154,16084,287,133
200,39,66,205.0,40.0,149,14279,276,127
208,36,66,205.0,40.0,154,13204,312,158
204,39,66,205.0,40.0,153,14283,338,185
205,38,66,205.0,40.0,153,13923,309,156
205,41,66,205.0,40.0,156,15006,296,140
209,41,66,205.0,40.0,160,15010,336,176
205,36,66,205.0,40.0,151,13201,354,203
203,40,66,205.0,40.0,153,14643,293,140
201,40,66,205.0,40.0,151,14641,288,137
212,35,67,215.0,40.0,157,12847,283,126
219,41,67,215.0,40.0,170,15020,321,151
218,43,67,215.0,40.0,171,15741,300,129
216,44,67,215.0,40.0,170,16100,340,170
214,39,67,215.0,40.0,163,14293,598,435
214,36,67,215.0,40.0,160,13210,342,182
211,44,67,215.0,40.0,165,16095,292,127
212,44,67,215.0,40.0,166,16096,324,158
216,44,67,215.0,40.0,170,16100,349,179
215,43,67,215.0,40.0,168,15738,303,135
226,43,68,225.0,40.0,179,15749,307,128
222,44,68,225.0,40.0,176,16106,345,169
228,38,68,225.0,40.0,176,13946,401,225
225,36,68,225.0,40.0,171,13221,1001,830
227,35,68,225.0,40.0,172,12862,305,133
226,43,68,225.0,40.0,179,15749,307,128
222,43,68,225.0,40.0,175,15745,302,127
221,38,68,225.0,40.0,169,13939,315,146
220,41,68,225.0,40.0,171,15021,1001,830
228,37,68,225.0,40.0,175,13585,1001,826
235,37,69,235.0,40.0,182,13592,380,198
235,41,69,235.0,40.0,186,15036,342,156
232,35,69,235.0,40.0,177,12867,418,241
237,42,69,235.0,40.0,189,15399,325,136
230,43,69,235.0,40.0,183,15753,311,128
231,43,69,235.0,40.0,184,15754,312,128
237,35,69,235.0,40.0,182,12872,1001,819
234,42,69,235.0,40.0,186,15396,356,170
230,41,69,235.0,40.0,181,15031,361,180
239,36,69,235.0,40.0,185,13235,387,202
246,37,70,245.0,40.0,193,13603,344,151
243,40,70,245.0,40.0,193,14683,378,185
246,43,70,245.0,40.0,199,15769,328,129
247,38,70,245.0,40.0,195,13965,348,153
243,43,70,245.0,40.0,196,15766,324,128
240,35,70,245.0,40.0,185,12875,400,215
241,37,70,245.0,40.0,188,13598,350,162
248,42,70,245.0,40.0,200,15410,376,176
248,42,70,245.0,40.0,200,15410,334,134
241,43,70,245.0,40.0,194,15764,322,128
250,35,71,255.0,40.0,195,12885,376,181
254,39,71,255.0,40.0,203,14333,388,185
259,38,71,255.0,40.0,207,13977,397,190
250,43,71,255.0,40.0,203,15773,331,128
255,38,71,255.0,40.0,203,13973,369,166
258,35,71,255.0,40.0,203,12893,464,261
254,40,71,255.0,40.0,204,14694,354,150
250,42,71,255.0,40.0,202,15412,355,153
258,41,71,255.0,40.0,209,15059,370,161
259,37,71,255.0,40.0,206,13616,377,171
267,38,72,265.0,40.0,215,13985,397,182
266,37,72,265.0,40.0,213,13623,438,225
268,36,72,265.0,40.0,214,13264,412,198
262,39,72,265.0,40.0,211,14341,368,157
262,37,72,265.0,40.0,209,13619,393,184
268,44,72,265.0,40.0,222,16152,420,198
267,40,72,265.0,40.0,217,14707,353,136
262,37,72,265.0,40.0,209,13619,352,143
261,40,72,265.0,40.0,211,14701,380,169
265,40,72,265.0,40.0,215,14705,357,142
271,35,73,275.0,40.0,216,12906,361,145
274,43,73,275.0,40.0,227,15797,424,197
270,41,73,275.0,40.0,221,15071,400,179
274,43,73,275.0,40.0,227,15797,355,128
272,39,73,275.0,40.0,221,14351,388,167
279,42,73,275.0,40.0,231,15441,392,161
271,40,73,275.0,40.0,221,14711,410,189
277,40,73,275.0,40.0,227,14717,405,178
273,44,73,275.0,40.0,227,16157,386,159
273,44,73,275.0,40.0,227,16157,1001,774
283,39,74,285.0,40.0,232,14362,437,205
288,44,74,285.0,40.0,242,16172,610,368
287,42,74,285.0,40.0,239,15449,505,266
281,44,74,285.0,40.0,235,16165,1001,766
283,42,74,285.0,40.0,235,15445,435,200
280,41,74,285.0,40.0,231,15081,1001,770
281,36,74,285.0,40.0,227,13277,441,214
282,36,74,285.0,40.0,228,13278,403,175
285,41,74,285.0,40.0,236,15086,569,333
284,37,74,285.0,40.0,231,13641,389,158
298,40,75,295.0,40.0,248,14738,410,162
294,37,75,295.0,40.0,241,13651,389,148
292,42,75,295.0,40.0,244,15454,556,312
295,38,75,295.0,40.0,243,14013,526,283
291,38,75,295.0,40.0,239,14009,411,172
295,41,75,295.0,40.0,246,15096,407,161
299,39,75,295.0,40.0,248,14378,403,155
292,40,75,295.0,40.0,242,14732,556,314
290,37,75,295.0,40.0,237,13647,396,159
291,35,75,295.0,40.0,236,12926,409,173
303,43,76,305.0,40.0,256,15826,527,271
302,35,76,305.0,40.0,247,12937,433,186
308,42,76,305.0,40.0,260,15470,530,270
305,37,76,305.0,40.0,252,13662,532,280
309,44,76,305.0,40.0,263,16193,629,366
301,38,76,305.0,40.0,249,14019,524,275
303,35,76,305.0,40.0,248,12938,438,190
303,36,76,305.0,40.0,249,13299,399,150
302,42,76,305.0,40.0,254,15464,438,184
306,42,76,305.0,40.0,258,15468,548,290
311,37,77,312.5,40.0,258,13668,473,215
314,35,77,312.5,40.0,259,12949,450,191
310,44,77,312.5,40.0,264,16194,545,281
310,41,77,312.5,40.0,261,15111,540,279
314,41,77,312.5,40.0,265,15115,765,500
310,42,77,312.5,40.0,262,15472,575,313
314,35,77,312.5,40.0,259,12949,584,325
311,39,77,312.5,40.0,260,14390,495,235
314,37,77,312.5,40.0,261,13671,584,323
314,40,77,312.5,40.0,264,14754,1001,737
