x,y,cell,cell_x,cell_y,opt_traj,point_id,steps_taken,extra_steps
61,16,0,65.0,20.0,15,5837,87,72
69,22,0,65.0,20.0,17,8011,65,48
67,16,0,65.0,20.0,21,5843,111,90
61,20,0,65.0,20.0,11,7281,28,17
67,21,0,65.0,20.0,16,7648,1001,985
63,20,0,65.0,20.0,13,7283,1001,988
61,15,0,65.0,20.0,16,5476,81,65
63,23,0,65.0,20.0,10,8366,48,38
68,24,0,65.0,20.0,14,8732,39,25
64,24,0,65.0,20.0,10,8728,146,136
78,16,1,75.0,20.0,32,5854,1001,969
74,17,1,75.0,20.0,27,6211,47,20
73,23,1,75.0,20.0,20,8376,67,47
73,17,1,75.0,20.0,26,6210,1001,975
73,18,1,75.0,20.0,25,6571,123,98
79,22,1,75.0,20.0,27,8021,73,46
72,24,1,75.0,20.0,18,8736,38,20
73,16,1,75.0,20.0,27,5849,1001,974
78,19,1,75.0,20.0,29,6937,93,64
77,15,1,75.0,20.0,32,5492,57,25
84,23,2,85.0,20.0,31,8387,73,42
83,23,2,85.0,20.0,30,8386,57,27
82,17,2,85.0,20.0,35,6219,1001,966
81,18,2,85.0,20.0,33,6579,90,57
81,15,2,85.0,20.0,36,5496,64,28
89,20,2,85.0,20.0,39,7309,67,28
84,20,2,85.0,20.0,34,7304,1001,967
87,22,2,85.0,20.0,35,8029,1001,966
89,23,2,85.0,20.0,36,8392,72,36
80,21,2,85.0,20.0,29,7661,46,17
97,23,3,95.0,20.0,44,8400,125,81
92,18,3,95.0,20.0,44,6590,64,20
93,19,3,95.0,20.0,44,6952,117,73
92,23,3,95.0,20.0,39,8395,157,118
94,16,3,95.0,20.0,48,5870,139,91
95,17,3,95.0,20.0,48,6232,132,84
90,18,3,95.0,20.0,42,6588,82,40
98,17,3,95.0,20.0,51,6235,192,141
94,15,3,95.0,20.0,49,5509,150,101
91,16,3,95.0,20.0,45,5867,106,61
108,22,4,105.0,20.0,56,8050,115,59
101,24,4,105.0,20.0,47,8765,86,39
109,17,4,105.0,20.0,62,6246,1001,939
107,17,4,105.0,20.0,60,6244,1001,941
100,17,4,105.0,20.0,53,6237,99,46
103,18,4,105.0,20.0,55,6601,133,78
101,24,4,105.0,20.0,47,8765,1001,954
104,24,4,105.0,20.0,50,8768,92,42
100,17,4,105.0,20.0,53,6237,130,77
106,18,4,105.0,20.0,58,6604,110,52
112,21,5,115.0,20.0,61,7693,105,44
117,17,5,115.0,20.0,70,6254,144,74
113,19,5,115.0,20.0,64,6972,254,190
116,18,5,115.0,20.0,68,6614,128,60
119,17,5,115.0,20.0,72,6256,1001,929
113,15,5,115.0,20.0,68,5528,105,37
115,16,5,115.0,20.0,69,5891,114,45
114,21,5,115.0,20.0,63,7695,164,101
112,19,5,115.0,20.0,63,6971,1001,938
110,21,5,115.0,20.0,59,7691,1001,942
120,24,6,125.0,20.0,66,8784,107,41
126,24,6,125.0,20.0,72,8790,158,86
125,22,6,125.0,20.0,73,8067,1001,928
121,22,6,125.0,20.0,69,8063,101,32
126,18,6,125.0,20.0,78,6624,128,50
129,19,6,125.0,20.0,80,6988,121,41
122,22,6,125.0,20.0,70,8064,1001,931
129,24,6,125.0,20.0,75,8793,122,47
120,16,6,125.0,20.0,74,5896,144,70
120,18,6,125.0,20.0,72,6618,110,38
137,15,7,135.0,20.0,92,5552,174,82
132,15,7,135.0,20.0,87,5547,1001,914
136,18,7,135.0,20.0,88,6634,196,108
135,18,7,135.0,20.0,87,6633,135,48
139,22,7,135.0,20.0,87,8081,132,45
134,19,7,135.0,20.0,85,6993,120,35
137,22,7,135.0,20.0,85,8079,172,87
139,21,7,135.0,20.0,88,7720,162,74
131,23,7,135.0,20.0,78,8434,191,113
135,20,7,135.0,20.0,85,7355,153,68
146,24,8,145.0,20.0,92,8810,145,53
143,18,8,145.0,20.0,95,6641,1001,906
140,20,8,145.0,20.0,90,7360,1001,911
145,18,8,145.0,20.0,97,6643,174,77
145,22,8,145.0,20.0,93,8087,187,94
143,22,8,145.0,20.0,91,8085,1001,910
149,22,8,145.0,20.0,97,8091,152,55
143,15,8,145.0,20.0,98,5558,183,85
143,23,8,145.0,20.0,90,8446,145,55
146,19,8,145.0,20.0,97,7005,142,45
155,16,9,155.0,20.0,109,5931,162,53
156,23,9,155.0,20.0,103,8459,1001,898
158,15,9,155.0,20.0,113,5573,165,52
151,18,9,155.0,20.0,103,6649,164,61
157,16,9,155.0,20.0,111,5933,178,67
158,18,9,155.0,20.0,110,6656,160,50
157,18,9,155.0,20.0,109,6655,167,58
150,19,9,155.0,20.0,101,7009,147,46
158,23,9,155.0,20.0,105,8461,249,144
157,17,9,155.0,20.0,110,6294,210,100
163,23,10,165.0,20.0,110,8466,152,42
162,19,10,165.0,20.0,113,7021,156,43
169,15,10,165.0,20.0,124,5584,1001,877
160,22,10,165.0,20.0,108,8102,200,92
169,17,10,165.0,20.0,122,6306,1001,879
161,17,10,165.0,20.0,114,6298,1001,887
167,18,10,165.0,20.0,119,6665,168,49
164,18,10,165.0,20.0,116,6662,1001,885
164,24,10,165.0,20.0,110,8828,1001,891
162,23,10,165.0,20.0,109,8465,204,95
175,17,11,175.0,20.0,128,6312,1001,873
173,20,11,175.0,20.0,123,7393,179,56
178,22,11,175.0,20.0,126,8120,166,40
176,23,11,175.0,20.0,123,8479,1001,878
175,15,11,175.0,20.0,130,5590,1001,871
179,24,11,175.0,20.0,125,8843,241,116
171,19,11,175.0,20.0,122,7030,1001,879
176,24,11,175.0,20.0,122,8840,1001,879
174,20,11,175.0,20.0,124,7394,191,67
175,17,11,175.0,20.0,128,6312,1001,873
180,23,12,185.0,20.0,127,8483,207,80
189,22,12,185.0,20.0,137,8131,1001,864
183,16,12,185.0,20.0,137,5959,1001,864
187,23,12,185.0,20.0,134,8490,1001,867
189,24,12,185.0,20.0,135,8853,1001,866
184,23,12,185.0,20.0,131,8487,1001,870
186,17,12,185.0,20.0,139,6323,1001,862
189,16,12,185.0,20.0,143,5965,1001,858
185,24,12,185.0,20.0,131,8849,1001,870
183,16,12,185.0,20.0,137,5959,1001,864
195,22,13,195.0,20.0,143,8137,1001,858
199,18,13,195.0,20.0,151,6697,1001,850
193,15,13,195.0,20.0,148,5608,1001,853
196,16,13,195.0,20.0,150,5972,1001,851
194,18,13,195.0,20.0,146,6692,1001,855
191,17,13,195.0,20.0,144,6328,1001,857
191,22,13,195.0,20.0,139,8133,1001,862
195,20,13,195.0,20.0,145,7415,1001,856
197,17,13,195.0,20.0,150,6334,1001,851
192,16,13,195.0,20.0,146,5968,1001,855
205,23,14,205.0,20.0,152,8508,1001,849
200,24,14,205.0,20.0,146,8864,1001,855
203,20,14,205.0,20.0,153,7423,1001,848
208,17,14,205.0,20.0,161,6345,1001,840
202,22,14,205.0,20.0,150,8144,1001,851
202,24,14,205.0,20.0,148,8866,1001,853
201,23,14,205.0,20.0,148,8504,1001,853
208,20,14,205.0,20.0,158,7428,1001,843
202,15,14,205.0,20.0,157,5617,1001,844
204,20,14,205.0,20.0,154,7424,1001,847
211,18,15,215.0,20.0,163,6709,1001,838
210,19,15,215.0,20.0,161,7069,1001,840
218,15,15,215.0,20.0,173,5633,1001,828
216,21,15,215.0,20.0,165,7797,1001,836
218,15,15,215.0,20.0,173,5633,1001,828
210,21,15,215.0,20.0,159,7791,1001,842
213,24,15,215.0,20.0,159,8877,1001,842
213,20,15,215.0,20.0,163,7433,1001,838
214,22,15,215.0,20.0,162,8156,1001,839
213,21,15,215.0,20.0,162,7794,1001,839
222,23,16,225.0,20.0,169,8525,1001,832
228,17,16,225.0,20.0,181,6365,1001,820
227,17,16,225.0,20.0,180,6364,1001,821
226,22,16,225.0,20.0,174,8168,1001,827
220,20,16,225.0,20.0,170,7440,360,190
220,24,16,225.0,20.0,166,8884,1001,835
222,16,16,225.0,20.0,176,5998,1001,825
222,18,16,225.0,20.0,174,6720,1001,827
228,21,16,225.0,20.0,177,7809,1001,824
222,20,16,225.0,20.0,172,7442,1001,829
230,20,17,235.0,20.0,180,7450,1001,821
233,22,17,235.0,20.0,181,8175,1001,820
232,24,17,235.0,20.0,178,8896,1001,823
239,15,17,235.0,20.0,194,5654,1001,807
232,16,17,235.0,20.0,186,6008,1001,815
232,22,17,235.0,20.0,180,8174,1001,821
238,21,17,235.0,20.0,187,7819,1001,814
230,16,17,235.0,20.0,184,6006,1001,817
233,21,17,235.0,20.0,182,7814,1001,819
237,17,17,235.0,20.0,190,6374,1001,811
241,21,18,245.0,20.0,190,7822,1001,811
248,22,18,245.0,20.0,196,8190,1001,805
241,21,18,245.0,20.0,190,7822,1001,811
248,16,18,245.0,20.0,202,6024,1001,799
245,16,18,245.0,20.0,199,6021,1001,802
245,22,18,245.0,20.0,193,8187,1001,808
248,16,18,245.0,20.0,202,6024,1001,799
242,15,18,245.0,20.0,197,5657,1001,804
242,23,18,245.0,20.0,189,8545,1001,812
246,17,18,245.0,20.0,199,6383,1001,802
255,18,19,255.0,20.0,207,6753,1001,794
259,23,19,255.0,20.0,206,8562,1001,795
258,22,19,255.0,20.0,206,8200,1001,795
259,24,19,255.0,20.0,205,8923,1001,796
256,18,19,255.0,20.0,208,6754,1001,793
256,17,19,255.0,20.0,209,6393,1001,792
258,21,19,255.0,20.0,207,7839,1001,794
252,16,19,255.0,20.0,206,6028,1001,795
258,19,19,255.0,20.0,209,7117,1001,792
256,21,19,255.0,20.0,205,7837,1001,796
263,15,20,265.0,20.0,218,5678,1001,783
269,24,20,265.0,20.0,215,8933,1001,786
265,16,20,265.0,20.0,219,6041,1001,782
267,24,20,265.0,20.0,213,8931,1001,788
265,22,20,265.0,20.0,213,8207,1001,788
261,23,20,265.0,20.0,208,8564,1001,793
267,22,20,265.0,20.0,215,8209,1001,786
268,22,20,265.0,20.0,216,8210,1001,785
263,19,20,265.0,20.0,214,7122,1001,787
265,24,20,265.0,20.0,211,8929,1001,790
273,17,21,275.0,20.0,226,6410,1001,775
274,17,21,275.0,20.0,227,6411,1001,774
277,23,21,275.0,20.0,224,8580,1001,777
276,24,21,275.0,20.0,222,8940,1001,779
273,20,21,275.0,20.0,223,7493,1001,778
277,22,21,275.0,20.0,225,8219,1001,776
278,19,21,275.0,20.0,229,7137,1001,772
271,22,21,275.0,20.0,219,8213,1001,782
278,21,21,275.0,20.0,227,7859,1001,774
279,18,21,275.0,20.0,231,6777,1001,770
286,17,22,285.0,20.0,239,6423,1001,762
286,22,22,285.0,20.0,234,8228,1001,767
280,22,22,285.0,20.0,228,8222,1001,773
285,16,22,285.0,20.0,239,6061,1001,762
283,17,22,285.0,20.0,236,6420,410,174
287,17,22,285.0,20.0,240,6424,1001,761
281,24,22,285.0,20.0,227,8945,1001,774
287,15,22,285.0,20.0,242,5702,1001,759
283,16,22,285.0,20.0,237,6059,1001,764
280,20,22,285.0,20.0,230,7500,1001,771
292,22,23,295.0,20.0,240,8234,1001,761
299,24,23,295.0,20.0,245,8963,1001,756
292,15,23,295.0,20.0,247,5707,1001,754
291,18,23,295.0,20.0,243,6789,1001,758
291,20,23,295.0,20.0,241,7511,1001,760
290,24,23,295.0,20.0,236,8954,1001,765
294,17,23,295.0,20.0,247,6431,1001,754
292,19,23,295.0,20.0,243,7151,1001,758
296,15,23,295.0,20.0,251,5711,1001,750
299,22,23,295.0,20.0,247,8241,1001,754
308,17,24,305.0,20.0,261,6445,1001,740
300,17,24,305.0,20.0,253,6437,1001,748
305,19,24,305.0,20.0,256,7164,1001,745
309,20,24,305.0,20.0,259,7529,1001,742
305,20,24,305.0,20.0,255,7525,1001,746
309,24,24,305.0,20.0,255,8973,1001,746
303,24,24,305.0,20.0,249,8967,1001,752
305,20,24,305.0,20.0,255,7525,1001,746
308,19,24,305.0,20.0,259,7167,1001,742
301,21,24,305.0,20.0,250,7882,1001,751
311,23,25,312.5,20.0,258,8614,1001,743
313,19,25,312.5,20.0,264,7172,1001,737
311,15,25,312.5,20.0,266,5726,1001,735
312,17,25,312.5,20.0,265,6449,1001,736
310,20,25,312.5,20.0,260,7530,1001,741
314,21,25,312.5,20.0,263,7895,1001,738
311,19,25,312.5,20.0,262,7170,1001,739
312,17,25,312.5,20.0,265,6449,1001,736
311,16,25,312.5,20.0,265,6087,1001,736
310,23,25,312.5,20.0,257,8613,1001,744
64,34,26,65.0,30.0,8,12338,45,37
68,25,26,65.0,30.0,13,9093,27,14
64,33,26,65.0,30.0,7,11977,30,23
65,26,26,65.0,30.0,9,9451,24,15
67,32,26,65.0,30.0,9,11619,17,8
62,31,26,65.0,30.0,3,11253,54,51
64,33,26,65.0,30.0,7,11977,55,48
68,29,26,65.0,30.0,9,10537,26,17
63,30,26,65.0,30.0,3,10893,30,27
65,32,26,65.0,30.0,7,11617,239,232
79,32,27,75.0,30.0,21,11631,41,20
77,31,27,75.0,30.0,18,11268,32,14
76,34,27,75.0,30.0,20,12350,42,22
78,34,27,75.0,30.0,22,12352,62,40
78,28,27,75.0,30.0,20,10186,69,49
74,25,27,75.0,30.0,19,9099,90,71
76,34,27,75.0,30.0,20,12350,43,23
76,26,27,75.0,30.0,20,9462,74,54
75,30,27,75.0,30.0,15,10905,19,4
76,30,27,75.0,30.0,16,10906,36,20
88,33,28,85.0,30.0,31,12001,60,29
86,30,28,85.0,30.0,26,10916,48,22
89,33,28,85.0,30.0,32,12002,51,19
80,34,28,85.0,30.0,24,12354,48,24
81,26,28,85.0,30.0,25,9467,47,22
87,31,28,85.0,30.0,28,11278,37,9
88,26,28,85.0,30.0,32,9474,133,101
86,27,28,85.0,30.0,29,9833,60,31
85,30,28,85.0,30.0,25,10915,81,56
82,30,28,85.0,30.0,22,10912,70,48
91,26,29,95.0,30.0,35,9477,147,112
91,34,29,95.0,30.0,35,12365,73,38
98,25,29,95.0,30.0,43,9123,89,46
99,26,29,95.0,30.0,43,9485,102,59
93,33,29,95.0,30.0,36,12006,49,13
95,28,29,95.0,30.0,37,10203,156,119
93,27,29,95.0,30.0,36,9840,93,57
97,33,29,95.0,30.0,40,12010,58,18
98,26,29,95.0,30.0,42,9484,1001,959
93,27,29,95.0,30.0,36,9840,186,150
109,29,30,105.0,30.0,50,10578,74,24
101,33,30,105.0,30.0,44,12014,91,47
109,29,30,105.0,30.0,50,10578,125,75
108,26,30,105.0,30.0,52,9494,106,54
108,27,30,105.0,30.0,51,9855,1001,950
106,30,30,105.0,30.0,46,10936,1001,955
102,25,30,105.0,30.0,47,9127,1001,954
101,29,30,105.0,30.0,42,10570,1001,959
101,27,30,105.0,30.0,44,9848,200,156
108,31,30,105.0,30.0,49,11299,108,59
111,27,31,115.0,30.0,54,9858,80,26
116,31,31,115.0,30.0,57,11307,91,34
118,27,31,115.0,30.0,61,9865,136,75
114,27,31,115.0,30.0,57,9861,309,252
115,27,31,115.0,30.0,58,9862,129,71
118,31,31,115.0,30.0,59,11309,101,42
115,31,31,115.0,30.0,56,11306,126,70
118,30,31,115.0,30.0,58,10948,92,34
110,31,31,115.0,30.0,51,11301,78,27
114,29,31,115.0,30.0,55,10583,113,58
127,31,32,125.0,30.0,68,11318,106,38
122,32,32,125.0,30.0,64,11674,124,60
120,31,32,125.0,30.0,61,11311,94,33
121,30,32,125.0,30.0,61,10951,97,36
122,25,32,125.0,30.0,67,9147,1001,934
127,32,32,125.0,30.0,69,11679,169,100
120,34,32,125.0,30.0,64,12394,80,16
127,32,32,125.0,30.0,69,11679,161,92
120,28,32,125.0,30.0,62,10228,1001,939
120,34,32,125.0,30.0,64,12394,99,35
136,27,33,135.0,30.0,79,9883,1001,922
139,28,33,135.0,30.0,81,10247,1001,920
138,29,33,135.0,30.0,79,10607,1001,922
134,31,33,135.0,30.0,75,11325,121,46
134,32,33,135.0,30.0,76,11686,119,43
134,32,33,135.0,30.0,76,11686,151,75
131,30,33,135.0,30.0,71,10961,112,41
131,27,33,135.0,30.0,74,9878,120,46
139,32,33,135.0,30.0,81,11691,156,75
131,29,33,135.0,30.0,72,10600,115,43
145,30,34,145.0,30.0,85,10975,1001,916
148,28,34,145.0,30.0,90,10256,1001,911
143,25,34,145.0,30.0,88,9168,139,51
148,27,34,145.0,30.0,91,9895,163,72
146,31,34,145.0,30.0,87,11337,244,157
146,33,34,145.0,30.0,89,12059,139,50
142,31,34,145.0,30.0,83,11333,176,93
149,27,34,145.0,30.0,92,9896,1001,909
140,27,34,145.0,30.0,83,9887,1001,918
142,30,34,145.0,30.0,82,10972,230,148
153,27,35,155.0,30.0,96,9900,1001,905
157,28,35,155.0,30.0,99,10265,1001,902
153,31,35,155.0,30.0,94,11344,175,81
158,26,35,155.0,30.0,102,9544,137,35
158,32,35,155.0,30.0,100,11710,200,100
154,30,35,155.0,30.0,94,10984,158,64
151,28,35,155.0,30.0,93,10259,1001,908
150,30,35,155.0,30.0,90,10980,273,183
155,34,35,155.0,30.0,99,12429,132,33
153,27,35,155.0,30.0,96,9900,1001,905
160,32,36,165.0,30.0,102,11712,165,63
165,27,36,165.0,30.0,108,9912,1001,893
168,30,36,165.0,30.0,108,10998,1001,893
165,29,36,165.0,30.0,106,10634,297,191
168,25,36,165.0,30.0,113,9193,1001,888
168,31,36,165.0,30.0,109,11359,217,108
167,31,36,165.0,30.0,108,11358,1001,893
161,34,36,165.0,30.0,105,12435,173,68
166,33,36,165.0,30.0,109,12079,189,80
165,30,36,165.0,30.0,105,10995,1001,896
174,27,37,175.0,30.0,117,9921,1001,884
172,30,37,175.0,30.0,112,11002,1001,889
173,26,37,175.0,30.0,117,9559,229,112
174,29,37,175.0,30.0,115,10643,1001,886
170,34,37,175.0,30.0,114,12444,153,39
178,30,37,175.0,30.0,118,11008,319,201
177,31,37,175.0,30.0,118,11368,1001,883
176,34,37,175.0,30.0,120,12450,1001,881
176,28,37,175.0,30.0,118,10284,1001,883
179,28,37,175.0,30.0,121,10287,351,230
182,27,38,185.0,30.0,125,9929,1001,876
188,31,38,185.0,30.0,129,11379,1001,872
186,30,38,185.0,30.0,126,11016,1001,875
186,26,38,185.0,30.0,130,9572,1001,871
182,32,38,185.0,30.0,124,11734,1001,877
182,27,38,185.0,30.0,125,9929,1001,876
183,34,38,185.0,30.0,127,12457,1001,874
186,34,38,185.0,30.0,130,12460,1001,871
180,34,38,185.0,30.0,124,12454,173,49
186,27,38,185.0,30.0,129,9933,1001,872
192,28,39,195.0,30.0,134,10300,1001,867
195,30,39,195.0,30.0,135,11025,1001,866
192,34,39,195.0,30.0,136,12466,1001,865
199,30,39,195.0,30.0,139,11029,1001,862
195,29,39,195.0,30.0,136,10664,1001,865
193,27,39,195.0,30.0,136,9940,1001,865
191,25,39,195.0,30.0,136,9216,1001,865
198,31,39,195.0,30.0,139,11389,1001,862
192,33,39,195.0,30.0,135,12105,1001,866
193,26,39,195.0,30.0,137,9579,1001,864
209,27,40,205.0,30.0,152,9956,1001,849
209,30,40,205.0,30.0,149,11039,1001,852
208,34,40,205.0,30.0,152,12482,1001,849
207,32,40,205.0,30.0,149,11759,1001,852
200,26,40,205.0,30.0,144,9586,1001,857
202,34,40,205.0,30.0,146,12476,1001,855
207,30,40,205.0,30.0,147,11037,1001,854
205,25,40,205.0,30.0,150,9230,1001,851
207,33,40,205.0,30.0,150,12120,1001,851
206,26,40,205.0,30.0,150,9592,1001,851
214,31,41,215.0,30.0,155,11405,1001,846
213,34,41,215.0,30.0,157,12487,1001,844
217,33,41,215.0,30.0,160,12130,1001,841
214,30,41,215.0,30.0,154,11044,1001,847
213,26,41,215.0,30.0,157,9599,1001,844
215,29,41,215.0,30.0,156,10684,1001,845
216,34,41,215.0,30.0,160,12490,1001,841
216,30,41,215.0,30.0,156,11046,1001,845
217,31,41,215.0,30.0,158,11408,1001,843
216,30,41,215.0,30.0,156,11046,1001,845
227,31,42,225.0,30.0,168,11418,1001,833
228,25,42,225.0,30.0,173,9253,1001,828
223,32,42,225.0,30.0,165,11775,1001,836
225,34,42,225.0,30.0,169,12499,1001,832
229,32,42,225.0,30.0,171,11781,1001,830
225,26,42,225.0,30.0,169,9611,1001,832
229,34,42,225.0,30.0,173,12503,1001,828
227,26,42,225.0,30.0,171,9613,1001,830
223,25,42,225.0,30.0,168,9248,1001,833
221,29,42,225.0,30.0,162,10690,1001,839
232,32,43,235.0,30.0,174,11784,1001,827
237,27,43,235.0,30.0,180,9984,1001,821
231,31,43,235.0,30.0,172,11422,1001,829
237,29,43,235.0,30.0,178,10706,1001,823
233,30,43,235.0,30.0,173,11063,1001,828
230,33,43,235.0,30.0,173,12143,1001,828
236,32,43,235.0,30.0,178,11788,1001,823
235,25,43,235.0,30.0,180,9260,1001,821
233,28,43,235.0,30.0,175,10341,1001,826
235,29,43,235.0,30.0,176,10704,1001,825
248,31,44,245.0,30.0,189,11439,1001,812
248,29,44,245.0,30.0,189,10717,1001,812
240,31,44,245.0,30.0,181,11431,1001,820
246,26,44,245.0,30.0,190,9632,1001,811
245,26,44,245.0,30.0,189,9631,1001,812
247,34,44,245.0,30.0,191,12521,1001,810
245,25,44,245.0,30.0,190,9270,1001,811
246,29,44,245.0,30.0,187,10715,1001,814
247,27,44,245.0,30.0,190,9994,1001,811
244,29,44,245.0,30.0,185,10713,1001,816
250,29,45,255.0,30.0,191,10719,1001,810
256,29,45,255.0,30.0,197,10725,1001,804
253,30,45,255.0,30.0,193,11083,1001,808
252,25,45,255.0,30.0,197,9277,1001,804
254,34,45,255.0,30.0,198,12528,1001,803
254,27,45,255.0,30.0,197,10001,1001,804
258,32,45,255.0,30.0,200,11810,1001,801
258,31,45,255.0,30.0,199,11449,1001,802
251,34,45,255.0,30.0,195,12525,1001,806
254,32,45,255.0,30.0,196,11806,1001,805
267,34,46,265.0,30.0,211,12541,1001,790
267,33,46,265.0,30.0,210,12180,1001,791
262,25,46,265.0,30.0,207,9287,1001,794
269,33,46,265.0,30.0,212,12182,1001,789
262,32,46,265.0,30.0,204,11814,1001,797
261,30,46,265.0,30.0,201,11091,1001,800
269,27,46,265.0,30.0,212,10016,1001,789
266,31,46,265.0,30.0,207,11457,1001,794
269,29,46,265.0,30.0,210,10738,1001,791
262,30,46,265.0,30.0,202,11092,1001,799
279,25,47,275.0,30.0,224,9304,1001,777
274,28,47,275.0,30.0,216,10382,1001,785
279,26,47,275.0,30.0,223,9665,1001,778
274,31,47,275.0,30.0,215,11465,1001,786
275,34,47,275.0,30.0,219,12549,1001,782
273,26,47,275.0,30.0,217,9659,1001,784
275,25,47,275.0,30.0,220,9300,1001,781
272,32,47,275.0,30.0,214,11824,1001,787
273,28,47,275.0,30.0,215,10381,1001,786
270,27,47,275.0,30.0,213,10017,1001,788
289,29,48,285.0,30.0,230,10758,1001,771
285,25,48,285.0,30.0,230,9310,1001,771
284,30,48,285.0,30.0,224,11114,1001,777
285,25,48,285.0,30.0,230,9310,1001,771
280,29,48,285.0,30.0,221,10749,1001,780
289,33,48,285.0,30.0,232,12202,1001,769
280,29,48,285.0,30.0,221,10749,1001,780
287,33,48,285.0,30.0,230,12200,1001,771
286,32,48,285.0,30.0,228,11838,445,217
282,34,48,285.0,30.0,226,12556,1001,775
295,33,49,295.0,30.0,238,12208,1001,763
292,28,49,295.0,30.0,234,10400,1001,767
298,29,49,295.0,30.0,239,10767,1001,762
298,33,49,295.0,30.0,241,12211,1001,760
292,34,49,295.0,30.0,236,12566,1001,765
297,26,49,295.0,30.0,241,9683,1001,760
290,28,49,295.0,30.0,232,10398,1001,769
295,31,49,295.0,30.0,236,11486,1001,765
299,30,49,295.0,30.0,239,11129,1001,762
294,27,49,295.0,30.0,237,10041,475,238
303,28,50,305.0,30.0,245,10411,1001,756
303,32,50,305.0,30.0,245,11855,1001,756
304,27,50,305.0,30.0,247,10051,1001,754
302,28,50,305.0,30.0,244,10410,1001,757
306,26,50,305.0,30.0,250,9692,1001,751
301,26,50,305.0,30.0,245,9687,1001,756
309,27,50,305.0,30.0,252,10056,1001,749
309,28,50,305.0,30.0,251,10417,1001,750
305,26,50,305.0,30.0,249,9691,1001,752
301,26,50,305.0,30.0,245,9687,1001,756
314,29,51,312.5,30.0,255,10783,1001,746
312,32,51,312.5,30.0,254,11864,1001,747
312,25,51,312.5,30.0,257,9337,1001,744
311,31,51,312.5,30.0,252,11502,1001,749
312,28,51,312.5,30.0,254,10420,1001,747
311,30,51,312.5,30.0,251,11141,1001,750
311,34,51,312.5,30.0,255,12585,1001,746
314,30,51,312.5,30.0,254,11144,1001,747
313,29,51,312.5,30.0,254,10782,1001,747
312,29,51,312.5,30.0,253,10781,1001,748
64,43,52,65.0,40.0,17,15587,1001,984
68,43,52,65.0,40.0,21,15591,50,29
63,44,52,65.0,40.0,17,15947,64,47
63,38,52,65.0,40.0,11,13781,37,26
68,35,52,65.0,40.0,13,12703,42,29
68,40,52,65.0,40.0,18,14508,64,46
63,43,52,65.0,40.0,16,15586,77,61
60,38,52,65.0,40.0,8,13778,183,175
62,40,52,65.0,40.0,12,14502,53,41
63,39,52,65.0,40.0,12,14142,82,70
74,38,53,75.0,40.0,22,13792,34,12
71,38,53,75.0,40.0,19,13789,53,34
76,37,53,75.0,40.0,23,13433,39,16
73,42,53,75.0,40.0,25,15235,1001,976
76,43,53,75.0,40.0,29,15599,87,58
72,37,53,75.0,40.0,19,13429,78,59
70,37,53,75.0,40.0,17,13427,58,41
78,43,53,75.0,40.0,31,15601,91,60
79,42,53,75.0,40.0,31,15241,67,36
72,35,53,75.0,40.0,17,12707,87,70
88,36,54,85.0,40.0,34,13084,111,77
86,36,54,85.0,40.0,32,13082,63,31
83,40,54,85.0,40.0,33,14523,44,11
89,42,54,85.0,40.0,41,15251,76,35
89,44,54,85.0,40.0,43,15973,140,97
85,40,54,85.0,40.0,35,14525,1001,966
80,37,54,85.0,40.0,27,13437,69,42
80,40,54,85.0,40.0,30,14520,122,92
86,41,54,85.0,40.0,37,14887,83,46
86,44,54,85.0,40.0,40,15970,115,75
96,35,55,95.0,40.0,41,12731,140,99
99,35,55,95.0,40.0,44,12734,76,32
98,42,55,95.0,40.0,50,15260,162,112
96,35,55,95.0,40.0,41,12731,91,50
95,38,55,95.0,40.0,43,13813,67,24
97,35,55,95.0,40.0,42,12732,192,150
90,44,55,95.0,40.0,44,15974,1001,957
97,40,55,95.0,40.0,47,14537,107,60
97,40,55,95.0,40.0,47,14537,65,18
95,37,55,95.0,40.0,42,13452,189,147
100,39,56,105.0,40.0,49,14179,123,74
107,39,56,105.0,40.0,56,14186,96,40
103,37,56,105.0,40.0,50,13460,104,54
103,42,56,105.0,40.0,55,15265,107,52
108,42,56,105.0,40.0,60,15270,142,82
105,41,56,105.0,40.0,56,14906,155,99
109,40,56,105.0,40.0,59,14549,109,50
108,38,56,105.0,40.0,56,13826,181,125
103,41,56,105.0,40.0,54,14904,80,26
109,44,56,105.0,40.0,63,15993,164,101
112,39,57,115.0,40.0,61,14191,213,152
116,36,57,115.0,40.0,62,13112,93,31
115,41,57,115.0,40.0,66,14916,143,77
118,35,57,115.0,40.0,63,12753,83,20
117,43,57,115.0,40.0,70,15640,139,69
119,42,57,115.0,40.0,71,15281,1001,930
118,41,57,115.0,40.0,69,14919,179,110
114,39,57,115.0,40.0,63,14193,102,39
114,38,57,115.0,40.0,62,13832,93,31
112,36,57,115.0,40.0,58,13108,97,39
121,35,58,125.0,40.0,66,12756,90,24
122,39,58,125.0,40.0,71,14201,93,22
122,42,58,125.0,40.0,74,15284,172,98
121,38,58,125.0,40.0,69,13839,137,68
126,44,58,125.0,40.0,80,16010,192,112
127,38,58,125.0,40.0,75,13845,96,21
126,40,58,125.0,40.0,76,14566,193,117
128,39,58,125.0,40.0,77,14207,105,28
120,38,58,125.0,40.0,68,13838,117,49
128,36,58,125.0,40.0,74,13124,138,64
132,44,59,135.0,40.0,86,16016,189,103
137,41,59,135.0,40.0,88,14938,1001,913
131,42,59,135.0,40.0,83,15293,1001,918
137,38,59,135.0,40.0,85,13855,119,34
138,41,59,135.0,40.0,89,14939,1001,912
139,43,59,135.0,40.0,92,15662,1001,909
135,37,59,135.0,40.0,82,13492,121,39
135,43,59,135.0,40.0,88,15658,1001,913
135,38,59,135.0,40.0,83,13853,129,46
131,42,59,135.0,40.0,83,15293,180,97
148,42,60,145.0,40.0,100,15310,201,101
147,40,60,145.0,40.0,97,14587,123,26
146,36,60,145.0,40.0,92,13142,139,47
145,39,60,145.0,40.0,94,14224,170,76
140,43,60,145.0,40.0,93,15663,1001,908
148,37,60,145.0,40.0,95,13505,120,25
145,37,60,145.0,40.0,92,13502,135,43
141,44,60,145.0,40.0,95,16025,149,54
145,41,60,145.0,40.0,96,14946,1001,905
141,44,60,145.0,40.0,95,16025,1001,906
154,43,61,155.0,40.0,107,15677,232,125
158,43,61,155.0,40.0,111,15681,1001,890
151,40,61,155.0,40.0,101,14591,222,121
152,37,61,155.0,40.0,99,13509,134,35
159,42,61,155.0,40.0,111,15321,203,92
158,38,61,155.0,40.0,106,13876,140,34
151,42,61,155.0,40.0,103,15313,1001,898
156,44,61,155.0,40.0,110,16040,1001,891
158,41,61,155.0,40.0,109,14959,1001,892
159,42,61,155.0,40.0,111,15321,1001,890
160,35,62,165.0,40.0,105,12795,144,39
168,35,62,165.0,40.0,113,12803,200,87
161,39,62,165.0,40.0,110,14240,281,171
164,40,62,165.0,40.0,114,14604,232,118
167,43,62,165.0,40.0,120,15690,212,92
168,35,62,165.0,40.0,113,12803,164,51
160,41,62,165.0,40.0,111,14961,1001,890
163,43,62,165.0,40.0,116,15686,1001,885
168,43,62,165.0,40.0,121,15691,1001,880
160,43,62,165.0,40.0,113,15683,1001,888
174,42,63,175.0,40.0,126,15336,196,70
172,36,63,175.0,40.0,118,13168,148,30
170,39,63,175.0,40.0,119,14249,253,134
177,43,63,175.0,40.0,130,15700,190,60
174,44,63,175.0,40.0,128,16058,1001,873
179,40,63,175.0,40.0,129,14619,174,45
173,41,63,175.0,40.0,124,14974,220,96
174,41,63,175.0,40.0,125,14975,1001,876
177,41,63,175.0,40.0,128,14978,1001,873
173,37,63,175.0,40.0,120,13530,202,82
181,40,64,185.0,40.0,131,14621,1001,870
189,39,64,185.0,40.0,138,14268,1001,863
180,41,64,185.0,40.0,131,14981,238,107
184,38,64,185.0,40.0,132,13902,1001,869
185,40,64,185.0,40.0,135,14625,1001,866
187,36,64,185.0,40.0,133,13183,1001,868
186,40,64,185.0,40.0,136,14626,1001,865
184,39,64,185.0,40.0,133,14263,1001,868
188,43,64,185.0,40.0,141,15711,1001,860
185,38,64,185.0,40.0,133,13903,1001,868
190,43,65,195.0,40.0,143,15713,1001,858
194,44,65,195.0,40.0,148,16078,1001,853
195,35,65,195.0,40.0,140,12830,1001,861
198,41,65,195.0,40.0,149,14999,1001,852
198,39,65,195.0,40.0,147,14277,1001,854
196,40,65,195.0,40.0,146,14636,1001,855
192,44,65,195.0,40.0,146,16076,1001,855
191,35,65,195.0,40.0,136,12826,1001,865
192,35,65,195.0,40.0,137,12827,1001,864
190,44,65,195.0,40.0,144,16074,1001,857
203,39,66,205.0,40.0,152,14282,1001,849
206,38,66,205.0,40.0,154,13924,1001,847
202,36,66,205.0,40.0,148,13198,1001,853
205,41,66,205.0,40.0,156,15006,1001,845
204,39,66,205.0,40.0,153,14283,1001,848
208,40,66,205.0,40.0,158,14648,1001,843
207,37,66,205.0,40.0,154,13564,1001,847
201,42,66,205.0,40.0,153,15363,1001,848
208,43,66,205.0,40.0,161,15731,1001,840
201,39,66,205.0,40.0,150,14280,1001,851
219,36,67,215.0,40.0,165,13215,1001,836
210,41,67,215.0,40.0,161,15011,1001,840
215,36,67,215.0,40.0,161,13211,1001,840
213,38,67,215.0,40.0,161,13931,1001,840
213,36,67,215.0,40.0,159,13209,1001,842
210,39,67,215.0,40.0,159,14289,1001,842
214,40,67,215.0,40.0,164,14654,1001,837
217,39,67,215.0,40.0,166,14296,1001,835
210,35,67,215.0,40.0,155,12845,1001,846
216,37,67,215.0,40.0,163,13573,1001,838
224,42,68,225.0,40.0,176,15386,1001,825
229,39,68,225.0,40.0,178,14308,1001,823
221,37,68,225.0,40.0,168,13578,1001,833
220,41,68,225.0,40.0,171,15021,1001,830
222,39,68,225.0,40.0,171,14301,1001,830
221,41,68,225.0,40.0,172,15022,1001,829
226,43,68,225.0,40.0,179,15749,1001,822
223,44,68,225.0,40.0,177,16107,1001,824
221,43,68,225.0,40.0,174,15744,1001,827
220,37,68,225.0,40.0,167,13577,1001,834
234,44,69,235.0,40.0,188,16118,1001,813
232,35,69,235.0,40.0,177,12867,1001,824
232,37,69,235.0,40.0,179,13589,1001,822
231,36,69,235.0,40.0,177,13227,1001,824
238,40,69,235.0,40.0,188,14678,1001,813
238,38,69,235.0,40.0,186,13956,1001,815
236,41,69,235.0,40.0,187,15037,1001,814
230,39,69,235.0,40.0,179,14309,1001,822
234,36,69,235.0,40.0,180,13230,1001,821
230,42,69,235.0,40.0,182,15392,1001,819
249,43,70,245.0,40.0,202,15772,1001,799
244,37,70,245.0,40.0,191,13601,1001,810
248,43,70,245.0,40.0,201,15771,1001,800
242,39,70,245.0,40.0,191,14321,1001,810
248,44,70,245.0,40.0,202,16132,1001,799
246,36,70,245.0,40.0,192,13242,1001,809
249,43,70,245.0,40.0,202,15772,1001,799
245,39,70,245.0,40.0,194,14324,1001,807
247,40,70,245.0,40.0,197,14687,1001,804
241,37,70,245.0,40.0,188,13598,1001,813
256,44,71,255.0,40.0,210,16140,1001,791
250,43,71,255.0,40.0,203,15773,1001,798
259,44,71,255.0,40.0,213,16143,1001,788
251,35,71,255.0,40.0,196,12886,1001,805
250,38,71,255.0,40.0,198,13968,1001,803
256,38,71,255.0,40.0,204,13974,1001,797
257,40,71,255.0,40.0,207,14697,1001,794
251,42,71,255.0,40.0,203,15413,1001,798
253,44,71,255.0,40.0,207,16137,1001,794
259,38,71,255.0,40.0,207,13977,1001,794
262,37,72,265.0,40.0,209,13619,386,177
266,41,72,265.0,40.0,217,15067,1001,784
264,35,72,265.0,40.0,209,12899,1001,792
265,39,72,265.0,40.0,214,14344,1001,787
264,42,72,265.0,40.0,216,15426,1001,785
260,40,72,265.0,40.0,210,14700,1001,791
262,36,72,265.0,40.0,208,13258,480,272
262,38,72,265.0,40.0,210,13980,1001,791
266,44,72,265.0,40.0,220,16150,1001,781
263,36,72,265.0,40.0,209,13259,1001,792
272,39,73,275.0,40.0,221,14351,1001,780
272,43,73,275.0,40.0,225,15795,1001,776
271,42,73,275.0,40.0,223,15433,1001,778
279,40,73,275.0,40.0,229,14719,1001,772
270,41,73,275.0,40.0,221,15071,1001,780
272,41,73,275.0,40.0,223,15073,1001,778
277,36,73,275.0,40.0,223,13273,1001,778
272,38,73,275.0,40.0,220,13990,1001,781
277,43,73,275.0,40.0,230,15800,1001,771
277,37,73,275.0,40.0,224,13634,1001,777
286,43,74,285.0,40.0,239,15809,1001,762
287,38,74,285.0,40.0,235,14005,1001,766
284,41,74,285.0,40.0,235,15085,410,175
286,40,74,285.0,40.0,236,14726,1001,765
284,44,74,285.0,40.0,238,16168,1001,763
284,43,74,285.0,40.0,237,15807,405,168
283,38,74,285.0,40.0,231,14001,1001,770
288,36,74,285.0,40.0,234,13284,1001,767
282,44,74,285.0,40.0,236,16166,1001,765
288,38,74,285.0,40.0,236,14006,1001,765
297,38,75,295.0,40.0,245,14015,1001,756
296,41,75,295.0,40.0,247,15097,467,220
291,44,75,295.0,40.0,245,16175,411,166
297,43,75,295.0,40.0,250,15820,503,253
292,41,75,295.0,40.0,243,15093,1001,758
293,37,75,295.0,40.0,240,13650,1001,761
292,41,75,295.0,40.0,243,15093,411,168
293,42,75,295.0,40.0,245,15455,487,242
291,36,75,295.0,40.0,237,13287,1001,764
290,42,75,295.0,40.0,242,15452,456,214
308,44,76,305.0,40.0,262,16192,1001,739
301,41,76,305.0,40.0,252,15102,426,174
308,44,76,305.0,40.0,262,16192,1001,739
306,44,76,305.0,40.0,260,16190,1001,741
309,41,76,305.0,40.0,260,15110,1001,741
304,42,76,305.0,40.0,256,15466,1001,745
303,41,76,305.0,40.0,254,15104,1001,747
300,41,76,305.0,40.0,251,15101,1001,750
304,35,76,305.0,40.0,249,12939,1001,752
301,40,76,305.0,40.0,251,14741,1001,750
311,43,77,312.5,40.0,264,15834,1001,737
311,43,77,312.5,40.0,264,15834,1001,737
314,36,77,312.5,40.0,260,13310,1001,741
313,42,77,312.5,40.0,265,15475,415,150
314,41,77,312.5,40.0,265,15115,1001,736
310,35,77,312.5,40.0,255,12945,1001,746
311,37,77,312.5,40.0,258,13668,1001,743
312,41,77,312.5,40.0,263,15113,1001,738
312,42,77,312.5,40.0,264,15474,431,167
311,39,77,312.5,40.0,260,14390,1001,741
