x,y,cell,cell_x,cell_y,opt_traj,point_id,steps_taken,extra_steps
60,19,0,65.0,20.0,11,6919,26,15
67,23,0,65.0,20.0,14,8370,57,43
61,21,0,65.0,20.0,10,7642,200,190
60,15,0,65.0,20.0,15,5475,1001,986
66,21,0,65.0,20.0,15,7647,88,73
69,22,0,65.0,20.0,17,8011,50,33
64,24,0,65.0,20.0,10,8728,34,24
65,18,0,65.0,20.0,17,6563,128,111
63,21,0,65.0,20.0,12,7644,47,35
66,19,0,65.0,20.0,17,6925,32,15
75,20,1,75.0,20.0,25,7295,71,46
75,20,1,75.0,20.0,25,7295,70,45
73,17,1,75.0,20.0,26,6210,121,95
78,23,1,75.0,20.0,25,8381,64,39
71,17,1,75.0,20.0,24,6208,119,95
75,16,1,75.0,20.0,29,5851,128,99
74,20,1,75.0,20.0,24,7294,57,33
75,23,1,75.0,20.0,22,8378,36,14
73,21,1,75.0,20.0,22,7654,47,25
76,15,1,75.0,20.0,31,5491,112,81
82,20,2,85.0,20.0,32,7302,47,15
88,21,2,85.0,20.0,37,7669,63,26
89,23,2,85.0,20.0,36,8392,99,63
85,22,2,85.0,20.0,33,8027,85,52
84,21,2,85.0,20.0,33,7665,64,31
80,21,2,85.0,20.0,29,7661,61,32
86,23,2,85.0,20.0,33,8389,130,97
87,16,2,85.0,20.0,41,5863,147,106
89,20,2,85.0,20.0,39,7309,68,29
80,17,2,85.0,20.0,33,6217,133,100
96,24,3,95.0,20.0,42,8760,155,113
92,18,3,95.0,20.0,44,6590,65,21
90,16,3,95.0,20.0,44,5866,133,89
90,23,3,95.0,20.0,37,8393,68,31
96,22,3,95.0,20.0,44,8038,163,119
98,19,3,95.0,20.0,49,6957,98,49
98,20,3,95.0,20.0,48,7318,84,36
92,16,3,95.0,20.0,46,5868,146,100
96,23,3,95.0,20.0,43,8399,96,53
91,24,3,95.0,20.0,37,8755,231,194
102,18,4,105.0,20.0,54,6600,94,40
109,16,4,105.0,20.0,63,5885,173,110
100,18,4,105.0,20.0,52,6598,102,50
106,24,4,105.0,20.0,52,8770,67,15
109,20,4,105.0,20.0,59,7329,97,38
101,24,4,105.0,20.0,47,8765,78,31
101,20,4,105.0,20.0,51,7321,84,33
108,24,4,105.0,20.0,54,8772,90,36
102,21,4,105.0,20.0,51,7683,100,49
104,24,4,105.0,20.0,50,8768,81,31
115,15,5,115.0,20.0,70,5530,153,83
116,24,5,115.0,20.0,62,8780,84,22
116,23,5,115.0,20.0,63,8419,108,45
119,18,5,115.0,20.0,71,6617,120,49
117,22,5,115.0,20.0,65,8059,133,68
111,24,5,115.0,20.0,57,8775,105,48
111,22,5,115.0,20.0,59,8053,110,51
112,21,5,115.0,20.0,61,7693,91,30
118,22,5,115.0,20.0,66,8060,97,31
117,18,5,115.0,20.0,69,6615,87,18
129,23,6,125.0,20.0,76,8432,146,70
121,18,6,125.0,20.0,73,6619,171,98
123,20,6,125.0,20.0,73,7343,101,28
122,22,6,125.0,20.0,70,8064,122,52
123,22,6,125.0,20.0,71,8065,243,172
127,24,6,125.0,20.0,73,8791,118,45
127,24,6,125.0,20.0,73,8791,89,16
125,18,6,125.0,20.0,77,6623,109,32
127,16,6,125.0,20.0,81,5903,179,98
120,21,6,125.0,20.0,69,7701,118,49
130,16,7,135.0,20.0,84,5906,188,104
138,19,7,135.0,20.0,89,6997,110,21
131,20,7,135.0,20.0,81,7351,115,34
133,18,7,135.0,20.0,85,6631,209,124
132,18,7,135.0,20.0,84,6630,118,34
130,22,7,135.0,20.0,78,8072,124,46
135,18,7,135.0,20.0,87,6633,121,34
137,22,7,135.0,20.0,85,8079,121,36
138,19,7,135.0,20.0,89,6997,117,28
134,23,7,135.0,20.0,81,8437,169,88
147,21,8,145.0,20.0,96,7728,195,99
141,18,8,145.0,20.0,93,6639,184,91
145,18,8,145.0,20.0,97,6643,210,113
142,15,8,145.0,20.0,97,5557,179,82
141,18,8,145.0,20.0,93,6639,122,29
146,15,8,145.0,20.0,101,5561,185,84
143,21,8,145.0,20.0,92,7724,142,50
146,21,8,145.0,20.0,95,7727,156,61
149,17,8,145.0,20.0,102,6286,209,107
141,22,8,145.0,20.0,89,8083,131,42
151,19,9,155.0,20.0,102,7010,136,34
157,18,9,155.0,20.0,109,6655,136,27
150,24,9,155.0,20.0,96,8814,225,129
153,19,9,155.0,20.0,104,7012,159,55
159,19,9,155.0,20.0,110,7018,129,19
151,22,9,155.0,20.0,99,8093,141,42
152,18,9,155.0,20.0,104,6650,158,54
156,18,9,155.0,20.0,108,6654,227,119
154,18,9,155.0,20.0,106,6652,209,103
155,15,9,155.0,20.0,110,5570,192,82
166,19,10,165.0,20.0,117,7025,213,96
163,22,10,165.0,20.0,111,8105,237,126
168,20,10,165.0,20.0,118,7388,137,19
166,18,10,165.0,20.0,118,6664,174,56
169,15,10,165.0,20.0,124,5584,211,87
168,19,10,165.0,20.0,119,7027,232,113
169,22,10,165.0,20.0,117,8111,260,143
161,17,10,165.0,20.0,114,6298,212,98
169,19,10,165.0,20.0,120,7028,216,96
166,21,10,165.0,20.0,115,7747,222,107
174,15,11,175.0,20.0,129,5589,214,85
178,16,11,175.0,20.0,132,5954,221,89
177,22,11,175.0,20.0,125,8119,260,135
172,19,11,175.0,20.0,123,7031,249,126
176,24,11,175.0,20.0,122,8840,258,136
177,18,11,175.0,20.0,129,6675,262,133
170,20,11,175.0,20.0,120,7390,224,104
172,19,11,175.0,20.0,123,7031,221,98
176,22,11,175.0,20.0,124,8118,229,105
176,23,11,175.0,20.0,123,8479,236,113
180,16,12,185.0,20.0,134,5956,1001,867
185,17,12,185.0,20.0,138,6322,249,111
184,19,12,185.0,20.0,135,7043,245,110
187,18,12,185.0,20.0,139,6685,247,108
185,19,12,185.0,20.0,136,7044,259,123
181,16,12,185.0,20.0,135,5957,222,87
183,20,12,185.0,20.0,133,7403,252,119
188,17,12,185.0,20.0,141,6325,275,134
183,15,12,185.0,20.0,138,5598,223,85
188,21,12,185.0,20.0,137,7769,247,110
190,17,13,195.0,20.0,143,6327,231,88
194,23,13,195.0,20.0,141,8497,261,120
198,21,13,195.0,20.0,147,7779,257,110
192,19,13,195.0,20.0,143,7051,249,106
192,18,13,195.0,20.0,144,6690,740,596
197,23,13,195.0,20.0,144,8500,260,116
197,24,13,195.0,20.0,143,8861,275,132
198,18,13,195.0,20.0,150,6696,729,579
198,15,13,195.0,20.0,153,5613,272,119
191,18,13,195.0,20.0,143,6689,235,92
200,15,14,205.0,20.0,155,5615,244,89
201,23,14,205.0,20.0,148,8504,297,149
203,19,14,205.0,20.0,154,7062,755,601
207,22,14,205.0,20.0,155,8149,288,133
207,24,14,205.0,20.0,153,8871,266,113
208,20,14,205.0,20.0,158,7428,273,115
203,24,14,205.0,20.0,149,8867,268,119
208,23,14,205.0,20.0,155,8511,283,128
205,17,14,205.0,20.0,158,6342,723,565
204,18,14,205.0,20.0,156,6702,259,103
212,16,15,215.0,20.0,166,5988,257,91
211,20,15,215.0,20.0,161,7431,799,638
212,19,15,215.0,20.0,163,7071,723,560
210,20,15,215.0,20.0,160,7430,265,105
214,23,15,215.0,20.0,161,8517,285,124
216,24,15,215.0,20.0,162,8880,295,133
214,17,15,215.0,20.0,167,6351,711,544
215,22,15,215.0,20.0,163,8157,282,119
215,20,15,215.0,20.0,165,7435,309,144
219,21,15,215.0,20.0,168,7800,327,159
227,22,16,225.0,20.0,175,8169,325,150
220,19,16,225.0,20.0,171,7079,720,549
223,24,16,225.0,20.0,169,8887,295,126
228,24,16,225.0,20.0,174,8892,338,164
221,15,16,225.0,20.0,176,5636,700,524
229,17,16,225.0,20.0,182,6366,409,227
228,16,16,225.0,20.0,182,6004,680,498
229,20,16,225.0,20.0,179,7449,305,126
229,18,16,225.0,20.0,181,6727,410,229
229,22,16,225.0,20.0,177,8171,290,113
236,19,17,235.0,20.0,187,7095,395,208
239,24,17,235.0,20.0,185,8903,355,170
234,19,17,235.0,20.0,185,7093,446,261
232,19,17,235.0,20.0,183,7091,311,128
235,18,17,235.0,20.0,187,6733,397,210
239,16,17,235.0,20.0,193,6015,418,225
237,18,17,235.0,20.0,189,6735,416,227
236,19,17,235.0,20.0,187,7095,395,208
235,21,17,235.0,20.0,184,7816,325,141
230,16,17,235.0,20.0,184,6006,404,220
247,23,18,245.0,20.0,194,8550,304,110
240,23,18,245.0,20.0,187,8543,473,286
248,24,18,245.0,20.0,194,8912,317,123
242,17,18,245.0,20.0,195,6379,398,203
240,16,18,245.0,20.0,194,6016,408,214
249,18,18,245.0,20.0,201,6747,383,182
248,21,18,245.0,20.0,197,7829,429,232
245,19,18,245.0,20.0,196,7104,386,190
242,15,18,245.0,20.0,197,5657,419,222
246,23,18,245.0,20.0,193,8549,317,124
252,21,19,255.0,20.0,201,7833,312,111
257,18,19,255.0,20.0,209,6755,375,166
256,20,19,255.0,20.0,206,7476,392,186
255,16,19,255.0,20.0,209,6031,406,197
252,18,19,255.0,20.0,204,6750,404,200
253,22,19,255.0,20.0,201,8195,454,253
250,20,19,255.0,20.0,200,7470,337,137
256,21,19,255.0,20.0,205,7837,325,120
258,23,19,255.0,20.0,205,8561,492,287
252,20,19,255.0,20.0,202,7472,415,213
267,15,20,265.0,20.0,222,5682,583,361
263,17,20,265.0,20.0,216,6400,410,194
261,17,20,265.0,20.0,214,6398,418,204
260,15,20,265.0,20.0,215,5675,426,211
265,19,20,265.0,20.0,216,7124,354,138
267,20,20,265.0,20.0,217,7487,491,274
264,17,20,265.0,20.0,217,6401,396,179
263,17,20,265.0,20.0,216,6400,385,169
261,19,20,265.0,20.0,212,7120,369,157
269,18,20,265.0,20.0,221,6767,397,176
271,16,21,275.0,20.0,225,6047,411,186
276,22,21,275.0,20.0,224,8218,398,174
278,16,21,275.0,20.0,232,6054,455,223
275,19,21,275.0,20.0,226,7134,388,162
278,19,21,275.0,20.0,229,7137,401,172
274,19,21,275.0,20.0,225,7133,398,173
274,20,21,275.0,20.0,224,7494,393,169
278,24,21,275.0,20.0,224,8942,413,189
275,19,21,275.0,20.0,226,7134,344,118
276,21,21,275.0,20.0,225,7857,367,142
288,18,22,285.0,20.0,240,6786,466,226
287,22,22,285.0,20.0,235,8229,414,179
289,17,22,285.0,20.0,242,6426,415,173
284,23,22,285.0,20.0,231,8587,353,122
285,24,22,285.0,20.0,231,8949,389,158
284,15,22,285.0,20.0,239,5699,463,224
280,18,22,285.0,20.0,232,6778,403,171
288,22,22,285.0,20.0,236,8230,409,173
288,22,22,285.0,20.0,236,8230,423,187
286,15,22,285.0,20.0,241,5701,465,224
294,21,23,295.0,20.0,243,7875,424,181
293,24,23,295.0,20.0,239,8957,412,173
299,22,23,295.0,20.0,247,8241,416,169
294,23,23,295.0,20.0,241,8597,409,168
294,17,23,295.0,20.0,247,6431,495,248
299,19,23,295.0,20.0,250,7158,424,174
291,24,23,295.0,20.0,237,8955,411,174
296,24,23,295.0,20.0,242,8960,568,326
293,21,23,295.0,20.0,242,7874,428,186
294,15,23,295.0,20.0,249,5709,523,274
309,18,24,305.0,20.0,261,6807,507,246
301,18,24,305.0,20.0,253,6799,448,195
301,17,24,305.0,20.0,254,6438,415,161
303,23,24,305.0,20.0,250,8606,471,221
307,18,24,305.0,20.0,259,6805,470,211
308,18,24,305.0,20.0,260,6806,446,186
308,15,24,305.0,20.0,263,5723,489,226
301,18,24,305.0,20.0,253,6799,418,165
304,17,24,305.0,20.0,257,6441,467,210
302,24,24,305.0,20.0,248,8966,428,180
312,19,25,312.5,20.0,263,7171,529,266
313,20,25,312.5,20.0,263,7533,500,237
312,16,25,312.5,20.0,266,6088,513,247
312,24,25,312.5,20.0,258,8976,434,176
311,23,25,312.5,20.0,258,8614,430,172
310,18,25,312.5,20.0,262,6808,431,169
312,15,25,312.5,20.0,267,5727,496,229
310,15,25,312.5,20.0,265,5725,543,278
310,20,25,312.5,20.0,260,7530,436,176
313,17,25,312.5,20.0,266,6450,577,311
64,29,26,65.0,30.0,5,10533,36,31
64,26,26,65.0,30.0,8,9450,30,22
61,33,26,65.0,30.0,4,11974,38,34
65,31,26,65.0,30.0,6,11256,32,26
63,28,26,65.0,30.0,5,10171,40,35
66,29,26,65.0,30.0,7,10535,44,37
62,27,26,65.0,30.0,5,9809,39,34
61,27,26,65.0,30.0,4,9808,37,33
62,26,26,65.0,30.0,6,9448,66,60
61,25,26,65.0,30.0,6,9086,21,15
72,25,27,75.0,30.0,17,9097,64,47
74,29,27,75.0,30.0,15,10543,27,12
71,33,27,75.0,30.0,14,11984,19,5
78,27,27,75.0,30.0,21,9825,61,40
73,26,27,75.0,30.0,17,9459,31,14
78,32,27,75.0,30.0,20,11630,47,27
78,25,27,75.0,30.0,23,9103,55,32
77,28,27,75.0,30.0,19,10185,42,23
72,30,27,75.0,30.0,12,10902,56,44
77,32,27,75.0,30.0,19,11629,26,7
81,25,28,85.0,30.0,26,9106,51,25
87,28,28,85.0,30.0,29,10195,54,25
88,33,28,85.0,30.0,31,12001,49,18
87,25,28,85.0,30.0,32,9112,55,23
81,26,28,85.0,30.0,25,9467,59,34
86,29,28,85.0,30.0,27,10555,53,26
81,27,28,85.0,30.0,24,9828,63,39
82,31,28,85.0,30.0,23,11273,27,4
80,32,28,85.0,30.0,22,11632,32,10
87,33,28,85.0,30.0,30,12000,52,22
97,27,29,95.0,30.0,40,9844,66,26
94,31,29,95.0,30.0,35,11285,98,63
98,33,29,95.0,30.0,41,12011,152,111
96,32,29,95.0,30.0,38,11648,76,38
90,25,29,95.0,30.0,35,9115,60,25
99,31,29,95.0,30.0,40,11290,77,37
96,29,29,95.0,30.0,37,10565,81,44
96,26,29,95.0,30.0,40,9482,69,29
95,25,29,95.0,30.0,40,9120,85,45
91,31,29,95.0,30.0,32,11282,81,49
106,26,30,105.0,30.0,50,9492,70,20
107,30,30,105.0,30.0,47,10937,124,77
108,34,30,105.0,30.0,52,12382,79,27
107,27,30,105.0,30.0,50,9854,100,50
104,26,30,105.0,30.0,48,9490,85,37
102,28,30,105.0,30.0,44,10210,76,32
105,25,30,105.0,30.0,50,9130,67,17
105,25,30,105.0,30.0,50,9130,98,48
108,27,30,105.0,30.0,51,9855,92,41
106,32,30,105.0,30.0,48,11658,82,34
112,32,31,115.0,30.0,54,11664,896,842
116,29,31,115.0,30.0,57,10585,267,210
112,25,31,115.0,30.0,57,9137,85,28
118,33,31,115.0,30.0,61,12031,95,34
116,34,31,115.0,30.0,60,12390,107,47
118,31,31,115.0,30.0,59,11309,82,23
118,33,31,115.0,30.0,61,12031,101,40
111,30,31,115.0,30.0,51,10941,116,65
117,30,31,115.0,30.0,57,10947,122,65
117,28,31,115.0,30.0,59,10225,95,36
122,28,32,125.0,30.0,64,10230,106,42
123,33,32,125.0,30.0,66,12036,81,15
128,31,32,125.0,30.0,69,11319,107,38
122,26,32,125.0,30.0,66,9508,141,75
121,27,32,125.0,30.0,64,9868,122,58
123,25,32,125.0,30.0,68,9148,106,38
127,26,32,125.0,30.0,71,9513,124,53
124,27,32,125.0,30.0,67,9871,147,80
121,32,32,125.0,30.0,63,11673,225,162
129,30,32,125.0,30.0,69,10959,148,79
132,28,33,135.0,30.0,74,10240,142,68
134,32,33,135.0,30.0,76,11686,165,89
136,32,33,135.0,30.0,78,11688,120,42
134,29,33,135.0,30.0,75,10603,181,106
132,31,33,135.0,30.0,73,11323,892,819
139,28,33,135.0,30.0,81,10247,889,808
131,28,33,135.0,30.0,73,10239,127,54
134,26,33,135.0,30.0,78,9520,137,59
138,29,33,135.0,30.0,79,10607,141,62
139,26,33,135.0,30.0,83,9525,123,40
148,33,34,145.0,30.0,91,12061,122,31
147,25,34,145.0,30.0,92,9172,211,119
140,28,34,145.0,30.0,82,10248,131,49
141,28,34,145.0,30.0,83,10249,106,23
140,25,34,145.0,30.0,85,9165,203,118
141,25,34,145.0,30.0,86,9166,132,46
149,28,34,145.0,30.0,91,10257,130,39
141,28,34,145.0,30.0,83,10249,167,84
141,27,34,145.0,30.0,84,9888,124,40
148,26,34,145.0,30.0,92,9534,121,29
150,25,35,155.0,30.0,95,9175,352,257
152,25,35,155.0,30.0,97,9177,132,35
159,26,35,155.0,30.0,103,9545,222,119
152,26,35,155.0,30.0,96,9538,218,122
154,33,35,155.0,30.0,97,12067,200,103
154,28,35,155.0,30.0,96,10262,143,47
154,29,35,155.0,30.0,95,10623,904,809
154,33,35,155.0,30.0,97,12067,190,93
158,33,35,155.0,30.0,101,12071,820,719
158,32,35,155.0,30.0,100,11710,135,35
165,30,36,165.0,30.0,105,10995,185,80
162,33,36,165.0,30.0,105,12075,822,717
166,27,36,165.0,30.0,109,9913,232,123
166,29,36,165.0,30.0,107,10635,858,751
168,34,36,165.0,30.0,112,12442,812,700
167,30,36,165.0,30.0,107,10997,157,50
161,25,36,165.0,30.0,106,9186,219,113
167,25,36,165.0,30.0,112,9192,212,100
163,28,36,165.0,30.0,105,10271,845,740
168,25,36,165.0,30.0,113,9193,237,124
175,30,37,175.0,30.0,115,11005,934,819
172,26,37,175.0,30.0,116,9558,232,116
173,28,37,175.0,30.0,115,10281,978,863
174,32,37,175.0,30.0,116,11726,750,634
174,27,37,175.0,30.0,117,9921,262,145
179,33,37,175.0,30.0,122,12092,769,647
177,28,37,175.0,30.0,119,10285,856,737
172,28,37,175.0,30.0,114,10280,866,752
178,27,37,175.0,30.0,121,9925,237,116
178,33,37,175.0,30.0,121,12091,246,125
182,27,38,185.0,30.0,125,9929,324,199
183,26,38,185.0,30.0,127,9569,248,121
186,29,38,185.0,30.0,127,10655,276,149
183,27,38,185.0,30.0,126,9930,383,257
189,30,38,185.0,30.0,129,11019,287,158
187,29,38,185.0,30.0,128,10656,274,146
189,33,38,185.0,30.0,132,12102,257,125
181,32,38,185.0,30.0,123,11733,263,140
184,28,38,185.0,30.0,126,10292,273,147
187,34,38,185.0,30.0,131,12461,266,135
196,29,39,195.0,30.0,137,10665,260,123
197,26,39,195.0,30.0,141,9583,257,116
193,25,39,195.0,30.0,138,9218,270,132
190,31,39,195.0,30.0,131,11381,292,161
198,29,39,195.0,30.0,139,10667,288,149
198,25,39,195.0,30.0,143,9223,255,112
190,32,39,195.0,30.0,132,11742,279,147
195,33,39,195.0,30.0,138,12108,265,127
196,27,39,195.0,30.0,139,9943,320,181
195,30,39,195.0,30.0,135,11025,263,128
202,30,40,205.0,30.0,142,11032,281,139
201,33,40,205.0,30.0,144,12114,275,131
209,29,40,205.0,30.0,150,10678,311,161
205,25,40,205.0,30.0,150,9230,261,111
209,29,40,205.0,30.0,150,10678,278,128
208,29,40,205.0,30.0,149,10677,305,156
202,34,40,205.0,30.0,146,12476,274,128
204,32,40,205.0,30.0,146,11756,286,140
203,25,40,205.0,30.0,148,9228,324,176
201,29,40,205.0,30.0,142,10670,411,269
216,32,41,215.0,30.0,158,11768,321,163
211,26,41,215.0,30.0,155,9597,282,127
219,26,41,215.0,30.0,163,9605,303,140
214,27,41,215.0,30.0,157,9961,275,118
215,31,41,215.0,30.0,156,11406,287,131
218,29,41,215.0,30.0,159,10687,288,129
214,29,41,215.0,30.0,155,10683,326,171
211,29,41,215.0,30.0,152,10680,783,631
215,25,41,215.0,30.0,160,9240,276,116
211,31,41,215.0,30.0,152,11402,801,649
224,28,42,225.0,30.0,166,10332,349,183
220,33,42,225.0,30.0,163,12133,324,161
228,25,42,225.0,30.0,173,9253,301,128
227,25,42,225.0,30.0,172,9252,311,139
223,29,42,225.0,30.0,164,10692,291,127
225,29,42,225.0,30.0,166,10694,314,148
228,25,42,225.0,30.0,173,9253,306,133
228,26,42,225.0,30.0,172,9614,307,135
221,33,42,225.0,30.0,164,12134,843,679
221,27,42,225.0,30.0,164,9968,282,118
233,33,43,235.0,30.0,176,12146,312,136
234,31,43,235.0,30.0,175,11425,450,275
231,25,43,235.0,30.0,176,9256,293,117
232,25,43,235.0,30.0,177,9257,308,131
238,30,43,235.0,30.0,178,11068,322,144
233,31,43,235.0,30.0,174,11424,330,156
239,30,43,235.0,30.0,179,11069,310,131
234,30,43,235.0,30.0,174,11064,298,124
235,26,43,235.0,30.0,179,9621,298,119
233,29,43,235.0,30.0,174,10702,303,129
244,33,44,245.0,30.0,187,12157,354,167
246,29,44,245.0,30.0,187,10715,369,182
240,30,44,245.0,30.0,180,11070,464,284
246,27,44,245.0,30.0,189,9993,310,121
249,26,44,245.0,30.0,193,9635,357,164
241,32,44,245.0,30.0,183,11793,309,126
245,25,44,245.0,30.0,190,9270,331,141
244,31,44,245.0,30.0,185,11435,311,126
244,25,44,245.0,30.0,189,9269,332,143
249,28,44,245.0,30.0,191,10357,314,123
253,29,45,255.0,30.0,194,10722,330,136
256,26,45,255.0,30.0,200,9642,319,119
257,28,45,255.0,30.0,199,10365,322,123
253,34,45,255.0,30.0,197,12527,349,152
252,31,45,255.0,30.0,193,11443,469,276
258,25,45,255.0,30.0,203,9283,344,141
253,30,45,255.0,30.0,193,11083,472,279
255,32,45,255.0,30.0,197,11807,507,310
259,34,45,255.0,30.0,203,12533,373,170
250,31,45,255.0,30.0,191,11441,471,280
261,25,46,265.0,30.0,206,9286,355,149
266,31,46,265.0,30.0,207,11457,380,173
268,28,46,265.0,30.0,210,10376,329,119
266,29,46,265.0,30.0,207,10735,346,139
266,27,46,265.0,30.0,209,10013,328,119
264,25,46,265.0,30.0,209,9289,367,158
265,34,46,265.0,30.0,209,12539,364,155
263,28,46,265.0,30.0,205,10371,402,197
263,29,46,265.0,30.0,204,10732,326,122
265,27,46,265.0,30.0,208,10012,435,227
271,26,47,275.0,30.0,215,9657,351,136
276,28,47,275.0,30.0,218,10384,406,188
272,32,47,275.0,30.0,214,11824,366,152
275,34,47,275.0,30.0,219,12549,396,177
278,27,47,275.0,30.0,221,10025,376,155
277,30,47,275.0,30.0,217,11107,386,169
271,26,47,275.0,30.0,215,9657,362,147
273,34,47,275.0,30.0,217,12547,383,166
279,29,47,275.0,30.0,220,10748,393,173
279,31,47,275.0,30.0,220,11470,397,177
282,34,48,285.0,30.0,226,12556,353,127
285,30,48,285.0,30.0,225,11115,380,155
286,27,48,285.0,30.0,229,10033,417,188
285,30,48,285.0,30.0,225,11115,393,168
282,30,48,285.0,30.0,222,11112,389,167
285,32,48,285.0,30.0,227,11837,421,194
286,26,48,285.0,30.0,230,9672,372,142
280,26,48,285.0,30.0,224,9666,368,144
284,31,48,285.0,30.0,225,11475,400,175
281,30,48,285.0,30.0,221,11111,382,161
299,33,49,295.0,30.0,242,12212,514,272
291,25,49,295.0,30.0,236,9316,418,182
298,33,49,295.0,30.0,241,12211,420,179
298,29,49,295.0,30.0,239,10767,425,186
295,29,49,295.0,30.0,236,10764,416,180
296,32,49,295.0,30.0,238,11848,520,282
298,32,49,295.0,30.0,240,11850,548,308
292,25,49,295.0,30.0,237,9317,414,177
297,31,49,295.0,30.0,238,11488,394,156
294,29,49,295.0,30.0,235,10763,412,177
303,34,50,305.0,30.0,247,12577,517,270
306,31,50,305.0,30.0,247,11497,428,181
300,29,50,305.0,30.0,241,10769,487,246
301,25,50,305.0,30.0,246,9326,416,170
305,30,50,305.0,30.0,245,11135,411,166
305,31,50,305.0,30.0,246,11496,416,170
305,25,50,305.0,30.0,250,9330,408,158
309,30,50,305.0,30.0,249,11139,431,182
305,26,50,305.0,30.0,249,9691,419,170
307,27,50,305.0,30.0,250,10054,458,208
310,34,51,312.5,30.0,254,12584,426,172
313,29,51,312.5,30.0,254,10782,569,315
313,28,51,312.5,30.0,255,10421,447,192
313,26,51,312.5,30.0,257,9699,418,161
312,29,51,312.5,30.0,253,10781,414,161
314,28,51,312.5,30.0,256,10422,447,191
312,25,51,312.5,30.0,257,9337,568,311
311,25,51,312.5,30.0,256,9336,426,170
312,32,51,312.5,30.0,254,11864,535,281
311,34,51,312.5,30.0,255,12585,453,198
61,43,52,65.0,40.0,14,15584,59,45
62,42,52,65.0,40.0,14,15224,63,49
60,44,52,65.0,40.0,14,15944,55,41
68,43,52,65.0,40.0,21,15591,74,53
69,44,52,65.0,40.0,23,15953,65,42
67,40,52,65.0,40.0,17,14507,58,41
60,42,52,65.0,40.0,12,15222,53,41
63,38,52,65.0,40.0,11,13781,64,53
66,36,52,65.0,40.0,12,13062,62,50
61,36,52,65.0,40.0,7,13057,14,7
73,37,53,75.0,40.0,20,13430,31,11
73,43,53,75.0,40.0,26,15596,99,73
75,39,53,75.0,40.0,24,14154,77,53
76,36,53,75.0,40.0,22,13072,37,15
76,38,53,75.0,40.0,24,13794,77,53
76,38,53,75.0,40.0,24,13794,64,40
73,43,53,75.0,40.0,26,15596,78,52
79,37,53,75.0,40.0,26,13436,57,31
70,40,53,75.0,40.0,20,14510,70,50
72,38,53,75.0,40.0,20,13790,28,8
85,41,54,85.0,40.0,36,14886,81,45
85,40,54,85.0,40.0,35,14525,43,8
85,39,54,85.0,40.0,34,14164,78,44
89,44,54,85.0,40.0,43,15973,85,42
89,39,54,85.0,40.0,38,14168,110,72
83,35,54,85.0,40.0,28,12718,58,30
80,37,54,85.0,40.0,27,13437,33,6
88,35,54,85.0,40.0,33,12723,43,10
83,42,54,85.0,40.0,35,15245,88,53
87,44,54,85.0,40.0,41,15971,86,45
94,41,55,95.0,40.0,45,14895,107,62
92,43,55,95.0,40.0,45,15615,101,56
99,39,55,95.0,40.0,48,14178,126,78
99,36,55,95.0,40.0,45,13095,66,21
92,41,55,95.0,40.0,43,14893,94,51
90,35,55,95.0,40.0,35,12725,38,3
91,44,55,95.0,40.0,45,15975,111,66
91,35,55,95.0,40.0,36,12726,53,17
94,43,55,95.0,40.0,47,15617,98,51
97,43,55,95.0,40.0,50,15620,100,50
101,38,56,105.0,40.0,49,13819,60,11
101,43,56,105.0,40.0,54,15624,125,71
106,37,56,105.0,40.0,53,13463,99,46
106,43,56,105.0,40.0,59,15629,108,49
103,35,56,105.0,40.0,48,12738,57,9
106,37,56,105.0,40.0,53,13463,60,7
101,43,56,105.0,40.0,54,15624,104,50
103,44,56,105.0,40.0,57,15987,102,45
102,40,56,105.0,40.0,52,14542,68,16
106,40,56,105.0,40.0,56,14546,110,54
117,40,57,115.0,40.0,67,14557,85,18
111,38,57,115.0,40.0,59,13829,167,108
116,40,57,115.0,40.0,66,14556,141,75
111,44,57,115.0,40.0,65,15995,133,68
113,36,57,115.0,40.0,59,13109,68,9
115,39,57,115.0,40.0,64,14194,77,13
117,42,57,115.0,40.0,69,15279,152,83
111,44,57,115.0,40.0,65,15995,107,42
117,41,57,115.0,40.0,68,14918,201,133
113,36,57,115.0,40.0,59,13109,61,2
126,36,58,125.0,40.0,72,13122,120,48
128,43,58,125.0,40.0,81,15651,161,80
124,42,58,125.0,40.0,76,15286,170,94
124,42,58,125.0,40.0,76,15286,144,68
120,35,58,125.0,40.0,65,12755,87,22
122,40,58,125.0,40.0,72,14562,141,69
125,37,58,125.0,40.0,72,13482,93,21
124,43,58,125.0,40.0,77,15647,131,54
128,37,58,125.0,40.0,75,13485,93,18
125,39,58,125.0,40.0,74,14204,160,86
132,44,59,135.0,40.0,86,16016,133,47
138,43,59,135.0,40.0,91,15661,168,77
134,40,59,135.0,40.0,84,14574,111,27
137,42,59,135.0,40.0,89,15299,140,51
130,37,59,135.0,40.0,77,13487,81,4
137,43,59,135.0,40.0,90,15660,171,81
139,38,59,135.0,40.0,87,13857,111,24
134,36,59,135.0,40.0,80,13130,100,20
135,44,59,135.0,40.0,89,16019,131,42
133,43,59,135.0,40.0,86,15656,147,61
149,39,60,145.0,40.0,98,14228,197,99
141,41,60,145.0,40.0,92,14942,160,68
141,35,60,145.0,40.0,86,12776,125,39
141,42,60,145.0,40.0,93,15303,154,61
147,38,60,145.0,40.0,95,13865,109,14
145,44,60,145.0,40.0,99,16029,154,55
148,37,60,145.0,40.0,95,13505,116,21
144,40,60,145.0,40.0,94,14584,150,56
146,35,60,145.0,40.0,91,12781,128,37
147,44,60,145.0,40.0,101,16031,159,58
152,36,61,155.0,40.0,98,13148,114,16
152,37,61,155.0,40.0,99,13509,190,91
156,37,61,155.0,40.0,103,13513,806,703
157,36,61,155.0,40.0,103,13153,174,71
155,40,61,155.0,40.0,105,14595,176,71
156,38,61,155.0,40.0,104,13874,197,93
153,36,61,155.0,40.0,99,13149,815,716
150,37,61,155.0,40.0,97,13507,119,22
150,37,61,155.0,40.0,97,13507,101,4
157,39,61,155.0,40.0,106,14236,223,117
168,36,62,165.0,40.0,114,13164,192,78
164,39,62,165.0,40.0,113,14243,197,84
160,38,62,165.0,40.0,108,13878,119,11
166,36,62,165.0,40.0,112,13162,224,112
167,41,62,165.0,40.0,118,14968,190,72
166,37,62,165.0,40.0,113,13523,157,44
169,35,62,165.0,40.0,114,12804,811,697
169,44,62,165.0,40.0,123,16053,189,66
166,37,62,165.0,40.0,113,13523,802,689
163,38,62,165.0,40.0,111,13881,801,690
172,42,63,175.0,40.0,124,15334,773,649
179,42,63,175.0,40.0,131,15341,775,644
175,40,63,175.0,40.0,125,14615,777,652
172,42,63,175.0,40.0,124,15334,777,653
174,42,63,175.0,40.0,126,15336,777,651
175,43,63,175.0,40.0,128,15698,780,652
177,41,63,175.0,40.0,128,14978,777,649
177,42,63,175.0,40.0,129,15339,802,673
178,39,63,175.0,40.0,127,14257,253,126
175,43,63,175.0,40.0,128,15698,770,642
184,40,64,185.0,40.0,134,14624,793,659
189,41,64,185.0,40.0,140,14990,273,133
185,39,64,185.0,40.0,134,14264,440,306
183,35,64,185.0,40.0,128,12818,278,150
183,36,64,185.0,40.0,129,13179,263,134
183,41,64,185.0,40.0,134,14984,278,144
181,37,64,185.0,40.0,128,13538,256,128
182,35,64,185.0,40.0,127,12817,473,346
189,44,64,185.0,40.0,143,16073,270,127
183,35,64,185.0,40.0,128,12818,293,165
198,39,65,195.0,40.0,147,14277,315,168
190,35,65,195.0,40.0,135,12825,286,151
194,36,65,195.0,40.0,140,13190,266,126
192,39,65,195.0,40.0,141,14271,297,156
193,37,65,195.0,40.0,140,13550,279,139
195,38,65,195.0,40.0,143,13913,273,130
190,39,65,195.0,40.0,139,14269,277,138
192,37,65,195.0,40.0,139,13549,284,145
195,37,65,195.0,40.0,142,13552,297,155
193,40,65,195.0,40.0,143,14633,278,135
202,39,66,205.0,40.0,151,14281,298,147
207,40,66,205.0,40.0,157,14647,295,138
206,35,66,205.0,40.0,151,12841,280,129
200,44,66,205.0,40.0,154,16084,281,127
207,43,66,205.0,40.0,160,15730,307,147
202,38,66,205.0,40.0,150,13920,284,134
201,40,66,205.0,40.0,151,14641,293,142
200,41,66,205.0,40.0,151,15001,281,130
205,38,66,205.0,40.0,153,13923,285,132
208,41,66,205.0,40.0,159,15009,291,132
215,36,67,215.0,40.0,161,13211,346,185
211,42,67,215.0,40.0,163,15373,329,166
217,35,67,215.0,40.0,162,12852,310,148
214,37,67,215.0,40.0,161,13571,311,150
219,36,67,215.0,40.0,165,13215,316,151
219,44,67,215.0,40.0,173,16103,300,127
210,43,67,215.0,40.0,163,15733,299,136
215,38,67,215.0,40.0,163,13933,318,155
215,40,67,215.0,40.0,165,14655,304,139
218,36,67,215.0,40.0,164,13214,869,705
221,44,68,225.0,40.0,175,16105,305,130
221,36,68,225.0,40.0,167,13217,1001,834
228,41,68,225.0,40.0,179,15029,422,243
224,39,68,225.0,40.0,173,14303,350,177
223,36,68,225.0,40.0,169,13219,312,143
227,40,68,225.0,40.0,177,14667,326,149
223,44,68,225.0,40.0,177,16107,307,130
229,43,68,225.0,40.0,182,15752,329,147
223,41,68,225.0,40.0,174,15024,321,147
229,36,68,225.0,40.0,175,13225,303,128
235,43,69,235.0,40.0,188,15758,315,127
235,41,69,235.0,40.0,186,15036,334,148
237,44,69,235.0,40.0,191,16121,329,138
235,36,69,235.0,40.0,181,13231,313,132
232,43,69,235.0,40.0,185,15755,316,131
230,37,69,235.0,40.0,177,13587,839,662
235,38,69,235.0,40.0,183,13953,367,184
238,38,69,235.0,40.0,186,13956,317,131
236,44,69,235.0,40.0,190,16120,323,133
230,41,69,235.0,40.0,181,15031,342,161
248,44,70,245.0,40.0,202,16132,353,151
246,42,70,245.0,40.0,198,15408,332,134
247,41,70,245.0,40.0,198,15048,348,150
246,43,70,245.0,40.0,199,15769,330,131
240,37,70,245.0,40.0,187,13597,356,169
242,44,70,245.0,40.0,196,16126,350,154
248,39,70,245.0,40.0,197,14327,344,147
242,37,70,245.0,40.0,189,13599,335,146
248,38,70,245.0,40.0,196,13966,341,145
244,42,70,245.0,40.0,196,15406,327,131
250,41,71,255.0,40.0,201,15051,337,136
255,35,71,255.0,40.0,200,12890,489,289
252,41,71,255.0,40.0,203,15053,372,169
259,40,71,255.0,40.0,209,14699,417,208
250,39,71,255.0,40.0,199,14329,1001,802
259,37,71,255.0,40.0,206,13616,343,137
252,42,71,255.0,40.0,204,15414,349,145
252,40,71,255.0,40.0,202,14692,361,159
259,41,71,255.0,40.0,210,15060,347,137
256,35,71,255.0,40.0,201,12891,346,145
267,36,72,265.0,40.0,213,13263,367,154
264,37,72,265.0,40.0,211,13621,352,141
267,39,72,265.0,40.0,216,14346,370,154
262,35,72,265.0,40.0,207,12897,392,185
263,41,72,265.0,40.0,214,15064,366,152
264,39,72,265.0,40.0,213,14343,392,179
265,35,72,265.0,40.0,210,12900,379,169
268,41,72,265.0,40.0,219,15069,378,159
261,40,72,265.0,40.0,211,14701,346,135
264,36,72,265.0,40.0,210,13260,372,162
274,36,73,275.0,40.0,220,13270,378,158
270,37,73,275.0,40.0,217,13627,359,142
275,35,73,275.0,40.0,220,12910,508,288
275,43,73,275.0,40.0,228,15798,356,128
278,39,73,275.0,40.0,227,14357,382,155
273,36,73,275.0,40.0,219,13269,350,131
275,39,73,275.0,40.0,224,14354,382,158
278,44,73,275.0,40.0,232,16162,375,143
277,44,73,275.0,40.0,231,16161,362,131
279,42,73,275.0,40.0,231,15441,370,139
287,35,74,285.0,40.0,232,12922,524,292
283,39,74,285.0,40.0,232,14362,402,170
283,35,74,285.0,40.0,228,12918,390,162
282,40,74,285.0,40.0,232,14722,378,146
284,40,74,285.0,40.0,234,14724,395,161
289,41,74,285.0,40.0,240,15090,390,150
289,41,74,285.0,40.0,240,15090,377,137
289,43,74,285.0,40.0,242,15812,371,129
285,42,74,285.0,40.0,237,15447,415,178
285,44,74,285.0,40.0,239,16169,394,155
291,38,75,295.0,40.0,239,14009,380,141
294,43,75,295.0,40.0,247,15817,398,151
299,38,75,295.0,40.0,247,14017,531,284
293,38,75,295.0,40.0,241,14011,399,158
293,40,75,295.0,40.0,243,14733,410,167
295,42,75,295.0,40.0,247,15457,417,170
299,37,75,295.0,40.0,246,13656,416,170
294,40,75,295.0,40.0,244,14734,514,270
299,40,75,295.0,40.0,249,14739,524,275
298,42,75,295.0,40.0,250,15460,390,140
305,38,76,305.0,40.0,253,14023,419,166
304,44,76,305.0,40.0,258,16188,531,273
308,36,76,305.0,40.0,254,13304,423,169
308,38,76,305.0,40.0,256,14026,411,155
306,37,76,305.0,40.0,253,13663,416,163
308,39,76,305.0,40.0,257,14387,537,280
301,35,76,305.0,40.0,246,12936,416,170
306,37,76,305.0,40.0,253,13663,415,162
300,44,76,305.0,40.0,254,16184,398,144
307,35,76,305.0,40.0,252,12942,544,292
310,36,77,312.5,40.0,256,13306,406,150
312,37,77,312.5,40.0,259,13669,535,276
311,37,77,312.5,40.0,258,13668,419,161
313,42,77,312.5,40.0,265,15475,544,279
313,44,77,312.5,40.0,267,16197,539,272
313,44,77,312.5,40.0,267,16197,542,275
310,41,77,312.5,40.0,261,15111,539,278
312,35,77,312.5,40.0,257,12947,423,166
311,36,77,312.5,40.0,257,13307,402,145
313,40,77,312.5,40.0,263,14753,551,288
