x,y,cell,cell_x,cell_y,opt_traj,point_id,steps_taken,extra_steps
62,17,0,65.0,20.0,15,6199,30,15
66,19,0,65.0,20.0,17,6925,32,15
61,19,0,65.0,20.0,12,6920,56,44
61,23,0,65.0,20.0,8,8364,52,44
64,17,0,65.0,20.0,17,6201,32,15
65,19,0,65.0,20.0,16,6924,40,24
68,18,0,65.0,20.0,20,6566,36,16
64,23,0,65.0,20.0,11,8367,51,40
60,17,0,65.0,20.0,13,6197,94,81
66,16,0,65.0,20.0,20,5842,74,54
72,19,1,75.0,20.0,23,6931,40,17
71,24,1,75.0,20.0,17,8735,69,52
71,16,1,75.0,20.0,25,5847,58,33
71,16,1,75.0,20.0,25,5847,115,90
79,15,1,75.0,20.0,34,5494,68,34
77,20,1,75.0,20.0,27,7297,103,76
72,18,1,75.0,20.0,24,6570,40,16
75,15,1,75.0,20.0,30,5490,134,104
72,21,1,75.0,20.0,21,7653,70,49
74,16,1,75.0,20.0,28,5850,102,74
82,20,2,85.0,20.0,32,7302,94,62
80,18,2,85.0,20.0,32,6578,73,41
82,23,2,85.0,20.0,29,8385,64,35
86,23,2,85.0,20.0,33,8389,104,71
83,18,2,85.0,20.0,35,6581,94,59
84,18,2,85.0,20.0,36,6582,78,42
89,16,2,85.0,20.0,43,5865,62,19
80,24,2,85.0,20.0,26,8744,42,16
85,20,2,85.0,20.0,35,7305,51,16
82,21,2,85.0,20.0,31,7663,61,30
98,21,3,95.0,20.0,47,7679,250,203
92,22,3,95.0,20.0,40,8034,124,84
95,17,3,95.0,20.0,48,6232,260,212
90,21,3,95.0,20.0,39,7671,79,40
91,22,3,95.0,20.0,39,8033,97,58
93,21,3,95.0,20.0,42,7674,1001,959
90,18,3,95.0,20.0,42,6588,107,65
91,23,3,95.0,20.0,38,8394,150,112
94,23,3,95.0,20.0,41,8397,133,92
92,19,3,95.0,20.0,43,6951,62,19
101,15,4,105.0,20.0,56,5516,138,82
108,16,4,105.0,20.0,62,5884,300,238
102,22,4,105.0,20.0,50,8044,1001,951
109,22,4,105.0,20.0,57,8051,221,164
103,21,4,105.0,20.0,52,7684,1001,949
107,18,4,105.0,20.0,59,6605,186,127
100,15,4,105.0,20.0,55,5515,137,82
101,15,4,105.0,20.0,56,5516,138,82
109,20,4,105.0,20.0,59,7329,226,167
101,15,4,105.0,20.0,56,5516,138,82
114,21,5,115.0,20.0,63,7695,216,153
118,18,5,115.0,20.0,70,6616,204,134
117,17,5,115.0,20.0,70,6254,181,111
115,23,5,115.0,20.0,62,8418,164,102
112,16,5,115.0,20.0,66,5888,217,151
111,18,5,115.0,20.0,63,6609,183,120
118,16,5,115.0,20.0,72,5894,253,181
110,24,5,115.0,20.0,56,8774,411,355
114,17,5,115.0,20.0,67,6251,222,155
112,17,5,115.0,20.0,65,6249,193,128
124,15,6,125.0,20.0,79,5539,163,84
122,15,6,125.0,20.0,77,5537,160,83
125,24,6,125.0,20.0,71,8789,345,274
120,18,6,125.0,20.0,72,6618,283,211
121,20,6,125.0,20.0,71,7341,189,118
120,17,6,125.0,20.0,73,6257,196,123
121,21,6,125.0,20.0,70,7702,233,163
127,21,6,125.0,20.0,76,7708,230,154
126,21,6,125.0,20.0,75,7707,313,238
121,16,6,125.0,20.0,75,5897,236,161
131,20,7,135.0,20.0,81,7351,206,125
139,19,7,135.0,20.0,90,6998,228,138
136,24,7,135.0,20.0,82,8800,235,153
132,24,7,135.0,20.0,78,8796,215,137
137,16,7,135.0,20.0,91,5913,248,157
132,18,7,135.0,20.0,84,6630,197,113
136,19,7,135.0,20.0,87,6995,182,95
136,15,7,135.0,20.0,91,5551,175,84
138,22,7,135.0,20.0,86,8080,235,149
133,19,7,135.0,20.0,84,6992,208,124
145,22,8,145.0,20.0,93,8087,258,165
146,16,8,145.0,20.0,100,5922,310,210
147,17,8,145.0,20.0,100,6284,330,230
147,19,8,145.0,20.0,98,7006,1001,903
148,24,8,145.0,20.0,94,8812,324,230
146,22,8,145.0,20.0,94,8088,330,236
145,24,8,145.0,20.0,91,8809,299,208
144,18,8,145.0,20.0,96,6642,337,241
143,17,8,145.0,20.0,96,6280,346,250
147,21,8,145.0,20.0,96,7728,270,174
157,19,9,155.0,20.0,108,7016,391,283
153,20,9,155.0,20.0,103,7373,319,216
158,24,9,155.0,20.0,104,8822,309,205
157,18,9,155.0,20.0,109,6655,328,219
159,20,9,155.0,20.0,109,7379,348,239
156,15,9,155.0,20.0,111,5571,1001,890
154,17,9,155.0,20.0,107,6291,344,237
151,15,9,155.0,20.0,106,5566,1001,895
158,22,9,155.0,20.0,106,8100,332,226
155,24,9,155.0,20.0,101,8819,268,167
160,20,10,165.0,20.0,110,7380,372,262
167,20,10,165.0,20.0,117,7387,556,439
168,17,10,165.0,20.0,121,6305,1001,880
164,20,10,165.0,20.0,114,7384,298,184
161,23,10,165.0,20.0,108,8464,214,106
169,17,10,165.0,20.0,122,6306,1001,879
169,17,10,165.0,20.0,122,6306,300,178
163,19,10,165.0,20.0,114,7022,291,177
161,18,10,165.0,20.0,113,6659,333,220
162,18,10,165.0,20.0,114,6660,335,221
176,16,11,175.0,20.0,130,5952,367,237
174,16,11,175.0,20.0,128,5950,1001,873
177,15,11,175.0,20.0,132,5592,1001,869
176,15,11,175.0,20.0,131,5591,1001,870
170,18,11,175.0,20.0,122,6668,1001,879
170,24,11,175.0,20.0,116,8834,353,237
170,21,11,175.0,20.0,119,7751,409,290
177,18,11,175.0,20.0,129,6675,1001,872
171,18,11,175.0,20.0,123,6669,343,220
176,23,11,175.0,20.0,123,8479,397,274
187,22,12,185.0,20.0,135,8129,313,178
183,21,12,185.0,20.0,132,7764,349,217
181,20,12,185.0,20.0,131,7401,278,147
181,22,12,185.0,20.0,129,8123,282,153
189,16,12,185.0,20.0,143,5965,528,385
181,15,12,185.0,20.0,136,5596,1001,865
182,22,12,185.0,20.0,130,8124,326,196
189,24,12,185.0,20.0,135,8853,281,146
180,24,12,185.0,20.0,126,8844,370,244
183,17,12,185.0,20.0,136,6320,812,676
197,15,13,195.0,20.0,152,5612,714,562
195,22,13,195.0,20.0,143,8137,315,172
191,21,13,195.0,20.0,140,7772,411,271
198,21,13,195.0,20.0,147,7779,782,635
193,17,13,195.0,20.0,146,6330,735,589
190,17,13,195.0,20.0,143,6327,740,597
198,24,13,195.0,20.0,144,8862,354,210
199,15,13,195.0,20.0,154,5614,1001,847
190,21,13,195.0,20.0,139,7771,370,231
196,15,13,195.0,20.0,151,5611,721,570
205,17,14,205.0,20.0,158,6342,724,566
207,16,14,205.0,20.0,161,5983,701,540
208,15,14,205.0,20.0,163,5623,703,540
208,23,14,205.0,20.0,155,8511,512,357
206,20,14,205.0,20.0,156,7426,774,618
208,24,14,205.0,20.0,154,8872,1001,847
205,19,14,205.0,20.0,156,7064,736,580
209,24,14,205.0,20.0,155,8873,341,186
205,18,14,205.0,20.0,157,6703,718,561
204,19,14,205.0,20.0,155,7063,313,158
216,21,15,215.0,20.0,165,7797,744,579
212,17,15,215.0,20.0,165,6349,708,543
219,18,15,215.0,20.0,171,6717,714,543
214,16,15,215.0,20.0,168,5990,694,526
215,17,15,215.0,20.0,168,6352,705,537
219,19,15,215.0,20.0,170,7078,704,534
213,20,15,215.0,20.0,163,7433,356,193
214,17,15,215.0,20.0,167,6351,713,546
210,17,15,215.0,20.0,163,6347,711,548
211,15,15,215.0,20.0,166,5626,702,536
227,17,16,225.0,20.0,180,6364,419,239
224,21,16,225.0,20.0,173,7805,723,550
228,24,16,225.0,20.0,174,8892,565,391
222,18,16,225.0,20.0,174,6720,706,532
227,17,16,225.0,20.0,180,6364,419,239
224,15,16,225.0,20.0,179,5639,689,510
222,21,16,225.0,20.0,171,7803,742,571
221,23,16,225.0,20.0,168,8524,1001,833
227,22,16,225.0,20.0,175,8169,429,254
221,17,16,225.0,20.0,174,6358,704,530
236,22,17,235.0,20.0,184,8178,436,252
238,20,17,235.0,20.0,188,7458,438,250
237,20,17,235.0,20.0,187,7457,441,254
237,20,17,235.0,20.0,187,7457,426,239
230,16,17,235.0,20.0,184,6006,404,220
231,22,17,235.0,20.0,179,8173,444,265
238,24,17,235.0,20.0,184,8902,460,276
236,18,17,235.0,20.0,188,6734,409,221
232,24,17,235.0,20.0,178,8896,472,294
234,21,17,235.0,20.0,183,7815,446,263
241,15,18,245.0,20.0,196,5656,406,210
240,22,18,245.0,20.0,188,8182,460,272
241,19,18,245.0,20.0,192,7100,390,198
242,22,18,245.0,20.0,190,8184,429,239
245,24,18,245.0,20.0,191,8909,466,275
241,17,18,245.0,20.0,194,6378,419,225
245,15,18,245.0,20.0,200,5660,394,194
245,17,18,245.0,20.0,198,6382,413,215
243,15,18,245.0,20.0,198,5658,392,194
247,15,18,245.0,20.0,202,5662,388,186
258,24,19,255.0,20.0,204,8922,419,215
252,19,19,255.0,20.0,203,7111,379,176
253,18,19,255.0,20.0,205,6751,404,199
252,22,19,255.0,20.0,200,8194,423,223
256,22,19,255.0,20.0,204,8198,424,220
253,24,19,255.0,20.0,199,8917,424,225
258,24,19,255.0,20.0,204,8922,433,229
258,19,19,255.0,20.0,209,7117,373,164
250,16,19,255.0,20.0,204,6026,385,181
250,19,19,255.0,20.0,201,7109,381,180
263,21,20,265.0,20.0,212,7844,369,157
269,23,20,265.0,20.0,216,8572,378,162
262,24,20,265.0,20.0,208,8926,390,182
268,20,20,265.0,20.0,218,7488,390,172
261,19,20,265.0,20.0,212,7120,370,158
266,18,20,265.0,20.0,218,6764,375,157
266,16,20,265.0,20.0,220,6042,408,188
262,23,20,265.0,20.0,209,8565,1001,792
264,22,20,265.0,20.0,212,8206,419,207
268,23,20,265.0,20.0,215,8571,418,203
278,24,21,275.0,20.0,224,8942,382,158
272,15,21,275.0,20.0,227,5687,639,412
279,23,21,275.0,20.0,226,8582,418,192
272,16,21,275.0,20.0,226,6048,1001,775
277,16,21,275.0,20.0,231,6053,631,400
278,15,21,275.0,20.0,233,5693,446,213
273,22,21,275.0,20.0,221,8215,464,243
275,23,21,275.0,20.0,222,8578,379,157
272,18,21,275.0,20.0,224,6770,420,196
279,20,21,275.0,20.0,229,7499,429,200
280,17,22,285.0,20.0,233,6417,451,218
281,16,22,285.0,20.0,235,6057,436,201
286,18,22,285.0,20.0,238,6784,665,427
280,15,22,285.0,20.0,235,5695,633,398
282,21,22,285.0,20.0,231,7863,436,205
288,24,22,285.0,20.0,234,8952,436,202
286,21,22,285.0,20.0,235,7867,655,420
288,15,22,285.0,20.0,243,5703,635,392
285,16,22,285.0,20.0,239,6061,665,426
281,16,22,285.0,20.0,235,6057,627,392
299,15,23,295.0,20.0,254,5714,556,302
294,20,23,295.0,20.0,244,7514,450,206
294,18,23,295.0,20.0,246,6792,454,208
297,22,23,295.0,20.0,245,8239,586,341
297,24,23,295.0,20.0,243,8961,559,316
293,20,23,295.0,20.0,243,7513,615,372
298,21,23,295.0,20.0,247,7879,614,367
292,15,23,295.0,20.0,247,5707,552,305
299,15,23,295.0,20.0,254,5714,556,302
294,15,23,295.0,20.0,249,5709,426,177
308,18,24,305.0,20.0,260,6806,570,310
306,16,24,305.0,20.0,260,6082,562,302
307,24,24,305.0,20.0,253,8971,573,320
301,21,24,305.0,20.0,250,7882,552,302
307,16,24,305.0,20.0,261,6083,581,320
302,24,24,305.0,20.0,248,8966,562,314
307,19,24,305.0,20.0,258,7166,611,353
304,21,24,305.0,20.0,253,7885,626,373
308,15,24,305.0,20.0,263,5723,567,304
309,18,24,305.0,20.0,261,6807,596,335
310,19,25,312.5,20.0,261,7169,602,341
311,19,25,312.5,20.0,262,7170,592,330
313,18,25,312.5,20.0,265,6811,592,327
311,24,25,312.5,20.0,257,8975,1001,744
312,22,25,312.5,20.0,260,8254,1001,741
313,19,25,312.5,20.0,264,7172,610,346
311,23,25,312.5,20.0,258,8614,1001,743
310,22,25,312.5,20.0,258,8252,590,332
314,16,25,312.5,20.0,268,6090,624,356
313,23,25,312.5,20.0,260,8616,1001,741
63,31,26,65.0,30.0,4,11254,22,18
64,30,26,65.0,30.0,4,10894,9,5
62,34,26,65.0,30.0,6,12336,31,25
68,31,26,65.0,30.0,9,11259,65,56
64,30,26,65.0,30.0,4,10894,43,39
64,34,26,65.0,30.0,8,12338,41,33
66,28,26,65.0,30.0,8,10174,41,33
60,33,26,65.0,30.0,3,11973,4,1
65,34,26,65.0,30.0,9,12339,15,6
66,28,26,65.0,30.0,8,10174,55,47
76,32,27,75.0,30.0,18,11628,112,94
79,27,27,75.0,30.0,22,9826,56,34
79,31,27,75.0,30.0,20,11270,246,226
71,33,27,75.0,30.0,14,11984,81,67
77,31,27,75.0,30.0,18,11268,100,82
79,26,27,75.0,30.0,23,9465,74,51
71,30,27,75.0,30.0,11,10901,53,42
75,32,27,75.0,30.0,17,11627,67,50
73,25,27,75.0,30.0,18,9098,1001,983
78,28,27,75.0,30.0,20,10186,92,72
83,34,28,85.0,30.0,27,12357,100,73
87,30,28,85.0,30.0,27,10917,99,72
82,34,28,85.0,30.0,26,12356,63,37
82,25,28,85.0,30.0,27,9107,221,194
83,34,28,85.0,30.0,27,12357,106,79
81,30,28,85.0,30.0,21,10911,58,37
89,31,28,85.0,30.0,30,11280,82,52
81,28,28,85.0,30.0,23,10189,94,71
81,25,28,85.0,30.0,26,9106,88,62
85,34,28,85.0,30.0,29,12359,87,58
98,31,29,95.0,30.0,39,11289,1001,962
96,31,29,95.0,30.0,37,11287,108,71
97,31,29,95.0,30.0,38,11288,1001,963
91,33,29,95.0,30.0,34,12004,106,72
92,32,29,95.0,30.0,34,11644,1001,967
99,26,29,95.0,30.0,43,9485,1001,958
98,31,29,95.0,30.0,39,11289,1001,962
92,26,29,95.0,30.0,36,9478,80,44
98,31,29,95.0,30.0,39,11289,1001,962
92,27,29,95.0,30.0,35,9839,238,203
100,29,30,105.0,30.0,41,10569,987,946
101,33,30,105.0,30.0,44,12014,950,906
107,33,30,105.0,30.0,50,12020,957,907
107,31,30,105.0,30.0,48,11298,975,927
100,29,30,105.0,30.0,41,10569,950,909
103,26,30,105.0,30.0,47,9489,997,950
103,30,30,105.0,30.0,43,10933,963,920
100,31,30,105.0,30.0,41,11291,948,907
102,33,30,105.0,30.0,45,12015,974,929
100,34,30,105.0,30.0,44,12374,950,906
111,29,31,115.0,30.0,52,10580,220,168
115,28,31,115.0,30.0,57,10223,195,138
113,26,31,115.0,30.0,57,9499,274,217
112,33,31,115.0,30.0,55,12025,872,817
111,27,31,115.0,30.0,54,9858,271,217
118,25,31,115.0,30.0,63,9143,654,591
114,26,31,115.0,30.0,58,9500,186,128
112,32,31,115.0,30.0,54,11664,896,842
117,31,31,115.0,30.0,58,11308,889,831
115,31,31,115.0,30.0,56,11306,865,809
126,31,32,125.0,30.0,67,11317,258,191
129,29,32,125.0,30.0,70,10598,220,150
120,33,32,125.0,30.0,63,12033,888,825
123,30,32,125.0,30.0,63,10953,883,820
127,25,32,125.0,30.0,72,9152,463,391
127,27,32,125.0,30.0,70,9874,424,354
123,31,32,125.0,30.0,64,11314,891,827
120,25,32,125.0,30.0,65,9145,173,108
126,25,32,125.0,30.0,71,9151,461,390
121,29,32,125.0,30.0,62,10590,897,835
136,30,33,135.0,30.0,76,10966,867,791
138,30,33,135.0,30.0,78,10968,913,835
131,29,33,135.0,30.0,72,10600,223,151
135,32,33,135.0,30.0,77,11687,901,824
131,31,33,135.0,30.0,72,11322,864,792
137,28,33,135.0,30.0,79,10245,479,400
135,26,33,135.0,30.0,79,9521,341,262
132,34,33,135.0,30.0,76,12406,880,804
134,31,33,135.0,30.0,75,11325,867,792
137,29,33,135.0,30.0,78,10606,240,162
149,32,34,145.0,30.0,91,11701,829,738
143,33,34,145.0,30.0,86,12056,816,730
146,33,34,145.0,30.0,89,12059,1001,912
144,29,34,145.0,30.0,85,10613,228,143
149,27,34,145.0,30.0,92,9896,205,113
148,33,34,145.0,30.0,91,12061,797,706
148,33,34,145.0,30.0,91,12061,320,229
146,28,34,145.0,30.0,88,10254,240,152
147,33,34,145.0,30.0,90,12060,312,222
148,33,34,145.0,30.0,91,12061,797,706
156,33,35,155.0,30.0,99,12069,809,710
151,28,35,155.0,30.0,93,10259,209,116
152,30,35,155.0,30.0,92,10982,256,164
156,34,35,155.0,30.0,100,12430,816,716
150,27,35,155.0,30.0,93,9897,242,149
155,29,35,155.0,30.0,96,10624,239,143
152,28,35,155.0,30.0,94,10260,250,156
157,29,35,155.0,30.0,98,10626,312,214
157,31,35,155.0,30.0,98,11348,272,174
153,28,35,155.0,30.0,95,10261,211,116
167,31,36,165.0,30.0,108,11358,1001,893
165,26,36,165.0,30.0,109,9551,258,149
165,31,36,165.0,30.0,106,11356,800,694
160,32,36,165.0,30.0,102,11712,579,477
160,31,36,165.0,30.0,101,11351,824,723
163,30,36,165.0,30.0,103,10993,809,706
169,25,36,165.0,30.0,114,9194,325,211
169,28,36,165.0,30.0,111,10277,227,116
163,26,36,165.0,30.0,107,9549,266,159
163,30,36,165.0,30.0,103,10993,309,206
175,26,37,175.0,30.0,119,9561,281,162
179,27,37,175.0,30.0,122,9926,240,118
179,29,37,175.0,30.0,120,10648,239,119
179,26,37,175.0,30.0,123,9565,266,143
171,26,37,175.0,30.0,115,9557,304,189
179,32,37,175.0,30.0,121,11731,270,149
172,26,37,175.0,30.0,116,9558,242,126
179,34,37,175.0,30.0,123,12453,258,135
175,29,37,175.0,30.0,116,10644,780,664
174,30,37,175.0,30.0,114,11004,784,670
184,27,38,185.0,30.0,127,9931,298,171
187,32,38,185.0,30.0,129,11739,254,125
185,25,38,185.0,30.0,130,9210,287,157
184,34,38,185.0,30.0,128,12458,253,125
188,31,38,185.0,30.0,129,11379,254,125
187,26,38,185.0,30.0,131,9573,295,164
182,27,38,185.0,30.0,125,9929,283,158
186,30,38,185.0,30.0,126,11016,314,188
181,29,38,185.0,30.0,122,10650,322,200
180,27,38,185.0,30.0,123,9927,248,125
191,31,39,195.0,30.0,132,11382,256,124
194,33,39,195.0,30.0,137,12107,323,186
193,28,39,195.0,30.0,135,10301,305,170
192,28,39,195.0,30.0,134,10300,304,170
191,28,39,195.0,30.0,133,10299,293,160
193,25,39,195.0,30.0,138,9218,249,111
197,30,39,195.0,30.0,137,11027,1001,864
190,25,39,195.0,30.0,135,9215,247,112
193,34,39,195.0,30.0,137,12467,1001,864
193,30,39,195.0,30.0,133,11023,268,135
202,33,40,205.0,30.0,145,12115,295,150
203,33,40,205.0,30.0,146,12116,300,154
200,25,40,205.0,30.0,145,9225,278,133
203,33,40,205.0,30.0,146,12116,355,209
201,25,40,205.0,30.0,146,9226,430,284
200,33,40,205.0,30.0,143,12113,341,198
208,33,40,205.0,30.0,151,12121,1001,850
200,32,40,205.0,30.0,142,11752,285,143
209,31,40,205.0,30.0,150,11400,293,143
206,30,40,205.0,30.0,146,11036,357,211
210,28,41,215.0,30.0,152,10318,336,184
211,30,41,215.0,30.0,151,11041,371,220
217,32,41,215.0,30.0,159,11769,1001,842
214,31,41,215.0,30.0,155,11405,327,172
214,25,41,215.0,30.0,159,9239,1001,842
218,29,41,215.0,30.0,159,10687,1001,842
211,27,41,215.0,30.0,154,9958,347,193
211,34,41,215.0,30.0,155,12485,380,225
219,25,41,215.0,30.0,164,9244,1001,837
213,30,41,215.0,30.0,153,11043,485,332
224,30,42,225.0,30.0,164,11054,1001,837
220,34,42,225.0,30.0,164,12494,1001,837
223,30,42,225.0,30.0,163,11053,1001,838
229,34,42,225.0,30.0,173,12503,465,292
229,26,42,225.0,30.0,173,9615,466,293
223,34,42,225.0,30.0,167,12497,1001,834
225,34,42,225.0,30.0,169,12499,612,443
221,33,42,225.0,30.0,164,12134,1001,837
227,32,42,225.0,30.0,169,11779,446,277
223,30,42,225.0,30.0,163,11053,1001,838
236,26,43,235.0,30.0,180,9622,469,289
235,27,43,235.0,30.0,178,9982,518,340
231,31,43,235.0,30.0,172,11422,442,270
235,26,43,235.0,30.0,179,9621,1001,822
232,26,43,235.0,30.0,176,9618,467,291
237,26,43,235.0,30.0,181,9623,495,314
235,34,43,235.0,30.0,179,12509,472,293
239,30,43,235.0,30.0,179,11069,451,272
232,30,43,235.0,30.0,172,11062,457,285
232,25,43,235.0,30.0,177,9257,440,263
241,33,44,245.0,30.0,184,12154,465,281
243,32,44,245.0,30.0,185,11795,557,372
246,32,44,245.0,30.0,188,11798,535,347
243,26,44,245.0,30.0,187,9629,445,258
242,34,44,245.0,30.0,186,12516,485,299
240,34,44,245.0,30.0,184,12514,528,344
243,31,44,245.0,30.0,184,11434,498,314
240,26,44,245.0,30.0,184,9626,446,262
246,32,44,245.0,30.0,188,11798,471,283
247,27,44,245.0,30.0,190,9994,1001,811
258,34,45,255.0,30.0,202,12532,389,187
251,26,45,255.0,30.0,195,9637,695,500
255,32,45,255.0,30.0,197,11807,505,308
251,34,45,255.0,30.0,195,12525,561,366
254,32,45,255.0,30.0,196,11806,551,355
257,31,45,255.0,30.0,198,11448,530,332
252,25,45,255.0,30.0,197,9277,1001,804
255,27,45,255.0,30.0,198,10002,655,457
253,29,45,255.0,30.0,194,10722,580,386
257,26,45,255.0,30.0,201,9643,413,212
267,27,46,265.0,30.0,210,10014,385,175
260,31,46,265.0,30.0,201,11451,365,164
264,28,46,265.0,30.0,206,10372,374,168
265,33,46,265.0,30.0,208,12178,390,182
265,27,46,265.0,30.0,208,10012,387,179
264,26,46,265.0,30.0,208,9650,383,175
268,27,46,265.0,30.0,211,10015,381,170
261,31,46,265.0,30.0,202,11452,360,158
260,34,46,265.0,30.0,204,12534,361,157
267,27,46,265.0,30.0,210,10014,393,183
277,34,47,275.0,30.0,221,12551,609,388
277,34,47,275.0,30.0,221,12551,394,173
276,27,47,275.0,30.0,219,10023,475,256
279,25,47,275.0,30.0,224,9304,413,189
273,26,47,275.0,30.0,217,9659,373,156
279,26,47,275.0,30.0,223,9665,413,190
278,32,47,275.0,30.0,220,11830,400,180
275,26,47,275.0,30.0,219,9661,375,156
276,33,47,275.0,30.0,219,12189,500,281
272,31,47,275.0,30.0,213,11463,447,234
282,34,48,285.0,30.0,226,12556,428,202
281,34,48,285.0,30.0,225,12555,458,233
288,33,48,285.0,30.0,231,12201,443,212
283,25,48,285.0,30.0,228,9308,387,159
289,30,48,285.0,30.0,229,11119,433,204
280,26,48,285.0,30.0,224,9666,477,253
286,26,48,285.0,30.0,230,9672,386,156
285,30,48,285.0,30.0,225,11115,430,205
285,26,48,285.0,30.0,229,9671,434,205
283,31,48,285.0,30.0,224,11474,476,252
294,25,49,295.0,30.0,239,9319,503,264
290,31,49,295.0,30.0,231,11481,426,195
296,32,49,295.0,30.0,238,11848,581,343
290,30,49,295.0,30.0,230,11120,600,370
291,30,49,295.0,30.0,231,11121,537,306
291,29,49,295.0,30.0,232,10760,517,285
297,28,49,295.0,30.0,239,10405,564,325
291,30,49,295.0,30.0,231,11121,641,410
292,29,49,295.0,30.0,233,10761,490,257
290,32,49,295.0,30.0,232,11842,433,201
305,27,50,305.0,30.0,248,10052,601,353
307,31,50,305.0,30.0,248,11498,616,368
306,28,50,305.0,30.0,248,10414,563,315
308,33,50,305.0,30.0,251,12221,596,345
300,34,50,305.0,30.0,244,12574,1001,757
307,26,50,305.0,30.0,251,9693,587,336
306,27,50,305.0,30.0,249,10053,551,302
301,28,50,305.0,30.0,243,10409,594,351
300,31,50,305.0,30.0,241,11491,555,314
307,28,50,305.0,30.0,249,10415,616,367
311,29,51,312.5,30.0,252,10780,1001,749
311,29,51,312.5,30.0,252,10780,1001,749
310,30,51,312.5,30.0,250,11140,1001,751
313,33,51,312.5,30.0,256,12226,1001,745
310,32,51,312.5,30.0,252,11862,1001,749
311,30,51,312.5,30.0,251,11141,1001,750
310,25,51,312.5,30.0,255,9335,1001,746
313,28,51,312.5,30.0,255,10421,1001,746
310,33,51,312.5,30.0,253,12223,1001,748
310,30,51,312.5,30.0,250,11140,609,359
68,38,52,65.0,40.0,16,13786,1001,985
66,41,52,65.0,40.0,17,14867,45,28
69,38,52,65.0,40.0,17,13787,20,3
60,36,52,65.0,40.0,6,13056,9,3
66,38,52,65.0,40.0,14,13784,18,4
66,41,52,65.0,40.0,17,14867,102,85
69,37,52,65.0,40.0,16,13426,102,86
66,38,52,65.0,40.0,14,13784,49,35
63,38,52,65.0,40.0,11,13781,81,70
69,35,52,65.0,40.0,14,12704,48,34
76,43,53,75.0,40.0,29,15599,217,188
72,36,53,75.0,40.0,18,13068,67,49
72,36,53,75.0,40.0,18,13068,40,22
76,38,53,75.0,40.0,24,13794,36,12
73,37,53,75.0,40.0,20,13430,22,2
73,43,53,75.0,40.0,26,15596,221,195
78,44,53,75.0,40.0,32,15962,75,43
71,35,53,75.0,40.0,16,12706,77,61
73,41,53,75.0,40.0,24,14874,91,67
75,43,53,75.0,40.0,28,15598,94,66
80,39,54,85.0,40.0,29,14159,68,39
80,36,54,85.0,40.0,26,13076,28,2
89,44,54,85.0,40.0,43,15973,85,42
83,42,54,85.0,40.0,35,15245,106,71
86,35,54,85.0,40.0,31,12721,145,114
82,38,54,85.0,40.0,30,13800,43,13
81,44,54,85.0,40.0,35,15965,164,129
85,42,54,85.0,40.0,37,15247,134,97
86,43,54,85.0,40.0,39,15609,61,22
89,43,54,85.0,40.0,42,15612,88,46
94,41,55,95.0,40.0,45,14895,127,82
98,42,55,95.0,40.0,50,15260,958,908
94,42,55,95.0,40.0,46,15256,103,57
95,43,55,95.0,40.0,48,15618,979,931
99,35,55,95.0,40.0,44,12734,950,906
98,35,55,95.0,40.0,43,12733,1001,958
95,36,55,95.0,40.0,41,13091,125,84
91,40,55,95.0,40.0,41,14531,135,94
95,40,55,95.0,40.0,45,14535,163,118
95,42,55,95.0,40.0,47,15257,149,102
109,44,56,105.0,40.0,63,15993,1001,938
106,41,56,105.0,40.0,57,14907,973,916
102,39,56,105.0,40.0,51,14181,979,928
107,43,56,105.0,40.0,60,15630,990,930
108,42,56,105.0,40.0,60,15270,993,933
100,42,56,105.0,40.0,52,15262,980,928
104,38,56,105.0,40.0,52,13822,991,939
107,44,56,105.0,40.0,61,15991,989,928
106,44,56,105.0,40.0,60,15990,968,908
108,37,56,105.0,40.0,55,13465,975,920
111,37,57,115.0,40.0,58,13468,980,922
111,42,57,115.0,40.0,63,15273,1001,938
113,40,57,115.0,40.0,63,14553,880,817
112,36,57,115.0,40.0,58,13108,875,817
119,41,57,115.0,40.0,70,14920,919,849
113,42,57,115.0,40.0,65,15275,940,875
115,43,57,115.0,40.0,68,15638,885,817
110,40,57,115.0,40.0,60,14550,1001,941
118,41,57,115.0,40.0,69,14919,905,836
117,43,57,115.0,40.0,70,15640,906,836
127,43,58,125.0,40.0,80,15650,884,804
128,38,58,125.0,40.0,76,13846,855,779
125,39,58,125.0,40.0,74,14204,902,828
126,43,58,125.0,40.0,79,15649,927,848
129,41,58,125.0,40.0,80,14930,883,803
126,42,58,125.0,40.0,78,15288,982,904
124,40,58,125.0,40.0,74,14564,904,830
127,37,58,125.0,40.0,74,13484,844,770
121,43,58,125.0,40.0,74,15644,901,827
123,41,58,125.0,40.0,74,14924,922,848
133,37,59,135.0,40.0,80,13490,844,764
134,41,59,135.0,40.0,85,14935,859,774
139,37,59,135.0,40.0,86,13496,847,761
135,42,59,135.0,40.0,87,15297,872,785
131,40,59,135.0,40.0,81,14571,881,800
135,41,59,135.0,40.0,86,14936,850,764
139,42,59,135.0,40.0,91,15301,827,736
135,35,59,135.0,40.0,80,12770,840,760
136,41,59,135.0,40.0,87,14937,851,764
133,44,59,135.0,40.0,87,16017,869,782
147,38,60,145.0,40.0,95,13865,846,751
147,38,60,145.0,40.0,95,13865,833,738
145,36,60,145.0,40.0,91,13141,822,731
143,38,60,145.0,40.0,91,13861,826,735
144,44,60,145.0,40.0,98,16028,849,751
144,44,60,145.0,40.0,98,16028,881,783
143,42,60,145.0,40.0,95,15305,854,759
142,39,60,145.0,40.0,91,14221,878,787
147,36,60,145.0,40.0,93,13143,821,728
145,40,60,145.0,40.0,95,14585,853,758
153,38,61,155.0,40.0,101,13871,819,718
159,39,61,155.0,40.0,108,14238,794,686
159,43,61,155.0,40.0,112,15682,813,701
150,42,61,155.0,40.0,102,15312,820,718
152,37,61,155.0,40.0,99,13509,830,731
157,36,61,155.0,40.0,103,13153,785,682
158,43,61,155.0,40.0,111,15681,869,758
159,41,61,155.0,40.0,110,14960,809,699
159,35,61,155.0,40.0,104,12794,789,685
152,36,61,155.0,40.0,98,13148,856,758
164,43,62,165.0,40.0,117,15687,854,737
162,36,62,165.0,40.0,108,13158,824,716
169,43,62,165.0,40.0,122,15692,793,671
164,44,62,165.0,40.0,118,16048,833,715
169,38,62,165.0,40.0,117,13887,808,691
162,36,62,165.0,40.0,108,13158,784,676
168,44,62,165.0,40.0,122,16052,794,672
161,42,62,165.0,40.0,113,15323,820,707
165,36,62,165.0,40.0,111,13161,829,718
169,36,62,165.0,40.0,115,13165,807,692
174,43,63,175.0,40.0,127,15697,787,660
174,36,63,175.0,40.0,120,13170,798,678
174,40,63,175.0,40.0,124,14614,786,662
173,44,63,175.0,40.0,127,16057,789,662
175,42,63,175.0,40.0,127,15337,787,660
179,40,63,175.0,40.0,129,14619,790,661
171,38,63,175.0,40.0,119,13889,768,649
174,37,63,175.0,40.0,121,13531,762,641
174,37,63,175.0,40.0,121,13531,770,649
172,41,63,175.0,40.0,123,14973,796,673
181,35,64,185.0,40.0,126,12816,262,136
188,35,64,185.0,40.0,133,12823,267,134
182,35,64,185.0,40.0,127,12817,290,163
184,36,64,185.0,40.0,130,13180,268,138
181,38,64,185.0,40.0,129,13899,262,133
189,35,64,185.0,40.0,134,12824,261,127
188,39,64,185.0,40.0,137,14267,277,140
187,37,64,185.0,40.0,134,13544,278,144
182,43,64,185.0,40.0,135,15705,262,127
186,38,64,185.0,40.0,134,13904,303,169
199,42,65,195.0,40.0,151,15361,314,163
196,35,65,195.0,40.0,141,12831,293,152
199,40,65,195.0,40.0,149,14639,444,295
192,39,65,195.0,40.0,141,14271,268,127
199,43,65,195.0,40.0,152,15722,297,145
199,38,65,195.0,40.0,147,13917,372,225
192,39,65,195.0,40.0,141,14271,291,150
198,43,65,195.0,40.0,151,15721,322,171
194,43,65,195.0,40.0,147,15717,313,166
199,35,65,195.0,40.0,144,12834,357,213
201,41,66,205.0,40.0,152,15002,409,257
202,39,66,205.0,40.0,151,14281,310,159
209,44,66,205.0,40.0,163,16093,340,177
208,40,66,205.0,40.0,158,14648,318,160
207,39,66,205.0,40.0,156,14286,313,157
207,41,66,205.0,40.0,158,15008,353,195
204,38,66,205.0,40.0,152,13922,1001,849
209,40,66,205.0,40.0,159,14649,323,164
205,40,66,205.0,40.0,155,14645,308,153
202,40,66,205.0,40.0,152,14642,351,199
212,40,67,215.0,40.0,162,14652,349,187
218,44,67,215.0,40.0,172,16102,362,190
217,36,67,215.0,40.0,163,13213,642,479
210,41,67,215.0,40.0,161,15011,353,192
212,38,67,215.0,40.0,160,13930,510,350
216,42,67,215.0,40.0,168,15378,344,176
214,44,67,215.0,40.0,168,16098,337,169
212,36,67,215.0,40.0,158,13208,1001,843
216,41,67,215.0,40.0,167,15017,350,183
218,39,67,215.0,40.0,167,14297,1001,834
224,40,68,225.0,40.0,174,14664,364,190
226,43,68,225.0,40.0,179,15749,307,128
228,37,68,225.0,40.0,175,13585,487,312
229,44,68,225.0,40.0,183,16113,413,230
225,39,68,225.0,40.0,174,14304,355,181
229,35,68,225.0,40.0,174,12864,461,287
228,42,68,225.0,40.0,180,15390,372,192
224,41,68,225.0,40.0,175,15025,377,202
225,42,68,225.0,40.0,177,15387,377,200
228,44,68,225.0,40.0,182,16112,354,172
236,41,69,235.0,40.0,187,15037,375,188
235,40,69,235.0,40.0,185,14675,391,206
238,42,69,235.0,40.0,190,15400,426,236
236,43,69,235.0,40.0,189,15759,317,128
233,43,69,235.0,40.0,186,15756,314,128
232,39,69,235.0,40.0,181,14311,352,171
233,35,69,235.0,40.0,178,12868,457,279
230,40,69,235.0,40.0,180,14670,337,157
230,42,69,235.0,40.0,182,15392,397,215
235,38,69,235.0,40.0,183,13953,362,179
246,36,70,245.0,40.0,192,13242,467,275
249,37,70,245.0,40.0,196,13606,479,283
245,38,70,245.0,40.0,193,13963,353,160
243,35,70,245.0,40.0,188,12878,467,279
240,41,70,245.0,40.0,191,15041,414,223
246,37,70,245.0,40.0,193,13603,463,270
246,44,70,245.0,40.0,200,16130,408,208
243,43,70,245.0,40.0,196,15766,324,128
240,35,70,245.0,40.0,185,12875,475,290
245,36,70,245.0,40.0,191,13241,346,155
254,41,71,255.0,40.0,205,15055,389,184
255,43,71,255.0,40.0,208,15778,336,128
253,40,71,255.0,40.0,203,14693,361,158
254,41,71,255.0,40.0,205,15055,410,205
256,43,71,255.0,40.0,209,15779,337,128
257,41,71,255.0,40.0,208,15058,379,171
251,36,71,255.0,40.0,197,13247,490,293
254,39,71,255.0,40.0,203,14333,375,172
250,42,71,255.0,40.0,202,15412,452,250
257,38,71,255.0,40.0,205,13975,358,153
266,41,72,265.0,40.0,217,15067,376,159
269,42,72,265.0,40.0,221,15431,462,241
263,40,72,265.0,40.0,213,14703,383,170
260,35,72,265.0,40.0,205,12895,368,163
269,36,72,265.0,40.0,215,13265,363,148
261,36,72,265.0,40.0,207,13257,1001,794
262,43,72,265.0,40.0,215,15785,343,128
263,37,72,265.0,40.0,210,13620,373,163
262,41,72,265.0,40.0,213,15063,432,219
262,42,72,265.0,40.0,214,15424,404,190
274,39,73,275.0,40.0,223,14353,404,181
277,44,73,275.0,40.0,231,16161,1001,770
272,38,73,275.0,40.0,220,13990,413,193
274,38,73,275.0,40.0,222,13992,404,182
274,35,73,275.0,40.0,219,12909,364,145
275,35,73,275.0,40.0,220,12910,432,212
276,38,73,275.0,40.0,224,13994,413,189
278,40,73,275.0,40.0,228,14718,1001,773
276,44,73,275.0,40.0,230,16160,408,178
270,39,73,275.0,40.0,219,14349,417,198
283,38,74,285.0,40.0,231,14001,530,299
289,38,74,285.0,40.0,237,14007,462,225
281,42,74,285.0,40.0,233,15443,567,334
284,41,74,285.0,40.0,235,15085,559,324
280,35,74,285.0,40.0,225,12915,441,216
282,43,74,285.0,40.0,235,15805,1001,766
285,43,74,285.0,40.0,238,15808,582,344
286,40,74,285.0,40.0,236,14726,506,270
283,44,74,285.0,40.0,237,16167,557,320
285,43,74,285.0,40.0,238,15808,542,304
293,41,75,295.0,40.0,244,15094,540,296
290,36,75,295.0,40.0,236,13286,380,144
294,37,75,295.0,40.0,241,13651,550,309
297,39,75,295.0,40.0,246,14376,553,307
292,38,75,295.0,40.0,240,14010,542,302
294,42,75,295.0,40.0,246,15456,535,289
296,38,75,295.0,40.0,244,14014,549,305
294,37,75,295.0,40.0,241,13651,541,300
297,39,75,295.0,40.0,246,14376,558,312
290,38,75,295.0,40.0,238,14008,508,270
306,38,76,305.0,40.0,254,14024,803,549
307,39,76,305.0,40.0,256,14386,659,403
303,35,76,305.0,40.0,248,12938,555,307
307,37,76,305.0,40.0,254,13664,589,335
304,41,76,305.0,40.0,255,15105,558,303
302,35,76,305.0,40.0,247,12937,540,293
301,43,76,305.0,40.0,254,15824,543,289
306,40,76,305.0,40.0,256,14746,541,285
304,39,76,305.0,40.0,253,14383,541,288
302,41,76,305.0,40.0,253,15103,585,332
311,36,77,312.5,40.0,257,13307,1001,744
312,39,77,312.5,40.0,261,14391,1001,740
314,44,77,312.5,40.0,268,16198,685,417
313,36,77,312.5,40.0,259,13309,1001,742
313,38,77,312.5,40.0,261,14031,591,330
310,43,77,312.5,40.0,263,15833,563,300
310,44,77,312.5,40.0,264,16194,550,286
311,35,77,312.5,40.0,256,12946,581,325
313,42,77,312.5,40.0,265,15475,546,281
312,37,77,312.5,40.0,259,13669,1001,742
