x,y,cell,cell_x,cell_y,opt_traj,point_id,steps_taken,extra_steps
65,17,0,65.0,20.0,18,6202,115,97
60,22,0,65.0,20.0,8,8002,23,15
60,21,0,65.0,20.0,9,7641,24,15
66,20,0,65.0,20.0,16,7286,50,34
61,16,0,65.0,20.0,15,5837,96,81
69,19,0,65.0,20.0,20,6928,65,45
61,19,0,65.0,20.0,12,6920,53,41
61,24,0,65.0,20.0,7,8725,34,27
67,24,0,65.0,20.0,13,8731,27,14
60,18,0,65.0,20.0,12,6558,93,81
76,17,1,75.0,20.0,29,6213,50,21
76,18,1,75.0,20.0,28,6574,56,28
77,15,1,75.0,20.0,32,5492,69,37
71,23,1,75.0,20.0,18,8374,77,59
76,23,1,75.0,20.0,23,8379,92,69
78,21,1,75.0,20.0,27,7659,52,25
76,24,1,75.0,20.0,22,8740,52,30
75,19,1,75.0,20.0,26,6934,59,33
79,24,1,75.0,20.0,25,8743,47,22
73,21,1,75.0,20.0,22,7654,74,52
84,20,2,85.0,20.0,34,7304,53,19
82,23,2,85.0,20.0,29,8385,76,47
88,21,2,85.0,20.0,37,7669,99,62
82,22,2,85.0,20.0,30,8024,101,71
85,18,2,85.0,20.0,37,6583,60,23
82,24,2,85.0,20.0,28,8746,69,41
80,15,2,85.0,20.0,35,5495,120,85
87,19,2,85.0,20.0,38,6946,55,17
88,15,2,85.0,20.0,43,5503,95,52
80,16,2,85.0,20.0,34,5856,119,85
94,22,3,95.0,20.0,42,8036,84,42
92,20,3,95.0,20.0,42,7312,69,27
99,23,3,95.0,20.0,46,8402,68,22
97,23,3,95.0,20.0,44,8400,77,33
94,16,3,95.0,20.0,48,5870,140,92
90,17,3,95.0,20.0,43,6227,60,17
96,16,3,95.0,20.0,50,5872,75,25
93,19,3,95.0,20.0,44,6952,63,19
95,24,3,95.0,20.0,41,8759,62,21
97,18,3,95.0,20.0,49,6595,75,26
105,23,4,105.0,20.0,52,8408,86,34
106,22,4,105.0,20.0,54,8048,103,49
101,17,4,105.0,20.0,54,6238,78,24
109,18,4,105.0,20.0,61,6607,100,39
108,24,4,105.0,20.0,54,8772,80,26
104,24,4,105.0,20.0,50,8768,108,58
101,23,4,105.0,20.0,48,8404,87,39
103,24,4,105.0,20.0,49,8767,82,33
103,19,4,105.0,20.0,54,6962,88,34
108,23,4,105.0,20.0,55,8411,132,77
117,19,5,115.0,20.0,68,6976,95,27
119,21,5,115.0,20.0,68,7700,147,79
116,18,5,115.0,20.0,68,6614,102,34
114,22,5,115.0,20.0,62,8056,104,42
117,15,5,115.0,20.0,72,5532,155,83
115,15,5,115.0,20.0,70,5530,158,88
119,24,5,115.0,20.0,65,8783,88,23
110,16,5,115.0,20.0,64,5886,168,104
112,18,5,115.0,20.0,64,6610,89,25
118,17,5,115.0,20.0,71,6255,109,38
127,19,6,125.0,20.0,78,6986,135,57
120,22,6,125.0,20.0,68,8062,115,47
124,16,6,125.0,20.0,78,5900,97,19
127,20,6,125.0,20.0,77,7347,131,54
125,18,6,125.0,20.0,77,6623,107,30
128,15,6,125.0,20.0,83,5543,113,30
127,24,6,125.0,20.0,73,8791,113,40
126,21,6,125.0,20.0,75,7707,118,43
121,18,6,125.0,20.0,73,6619,117,44
123,18,6,125.0,20.0,75,6621,109,34
139,15,7,135.0,20.0,94,5554,190,96
130,24,7,135.0,20.0,76,8794,106,30
132,21,7,135.0,20.0,81,7713,127,46
133,15,7,135.0,20.0,88,5548,128,40
133,24,7,135.0,20.0,79,8797,126,47
139,23,7,135.0,20.0,86,8442,154,68
135,22,7,135.0,20.0,83,8077,187,104
131,18,7,135.0,20.0,83,6629,133,50
131,20,7,135.0,20.0,81,7351,122,41
131,16,7,135.0,20.0,85,5907,131,46
145,17,8,145.0,20.0,98,6282,148,50
146,22,8,145.0,20.0,94,8088,197,103
146,18,8,145.0,20.0,98,6644,153,55
147,16,8,145.0,20.0,101,5923,159,58
148,21,8,145.0,20.0,97,7729,146,49
142,24,8,145.0,20.0,88,8806,181,93
144,22,8,145.0,20.0,92,8086,140,48
145,18,8,145.0,20.0,97,6643,147,50
145,22,8,145.0,20.0,93,8087,158,65
146,21,8,145.0,20.0,95,7727,164,69
153,18,9,155.0,20.0,105,6651,141,36
155,20,9,155.0,20.0,105,7375,170,65
157,23,9,155.0,20.0,104,8460,147,43
156,24,9,155.0,20.0,102,8820,138,36
150,22,9,155.0,20.0,98,8092,182,84
153,18,9,155.0,20.0,105,6651,149,44
153,16,9,155.0,20.0,107,5929,145,38
154,23,9,155.0,20.0,101,8457,144,43
159,16,9,155.0,20.0,113,5935,228,115
151,20,9,155.0,20.0,101,7371,149,48
168,24,10,165.0,20.0,114,8832,153,39
165,17,10,165.0,20.0,118,6302,160,42
160,22,10,165.0,20.0,108,8102,165,57
160,16,10,165.0,20.0,114,5936,138,24
168,18,10,165.0,20.0,120,6666,164,44
167,22,10,165.0,20.0,115,8109,167,52
161,21,10,165.0,20.0,110,7742,140,30
166,18,10,165.0,20.0,118,6664,158,40
167,24,10,165.0,20.0,113,8831,149,36
162,23,10,165.0,20.0,109,8465,183,74
176,18,11,175.0,20.0,128,6674,205,77
176,20,11,175.0,20.0,126,7396,180,54
170,17,11,175.0,20.0,123,6307,158,35
177,18,11,175.0,20.0,129,6675,159,30
179,19,11,175.0,20.0,130,7038,200,70
175,19,11,175.0,20.0,126,7034,1001,875
177,20,11,175.0,20.0,127,7397,165,38
170,17,11,175.0,20.0,123,6307,173,50
170,20,11,175.0,20.0,120,7390,186,66
172,23,11,175.0,20.0,119,8475,163,44
185,18,12,185.0,20.0,137,6683,1001,864
189,24,12,185.0,20.0,135,8853,1001,866
189,17,12,185.0,20.0,142,6326,1001,859
189,17,12,185.0,20.0,142,6326,1001,859
185,18,12,185.0,20.0,137,6683,1001,864
189,19,12,185.0,20.0,140,7048,1001,861
182,15,12,185.0,20.0,137,5597,1001,864
182,16,12,185.0,20.0,136,5958,1001,865
180,24,12,185.0,20.0,126,8844,1001,875
182,19,12,185.0,20.0,133,7041,1001,868
190,16,13,195.0,20.0,144,5966,1001,857
192,18,13,195.0,20.0,144,6690,1001,857
197,22,13,195.0,20.0,145,8139,1001,856
196,22,13,195.0,20.0,144,8138,1001,857
190,24,13,195.0,20.0,136,8854,1001,865
191,24,13,195.0,20.0,137,8855,1001,864
190,15,13,195.0,20.0,145,5605,1001,856
195,20,13,195.0,20.0,145,7415,1001,856
199,23,13,195.0,20.0,146,8502,1001,855
190,23,13,195.0,20.0,137,8493,1001,864
208,15,14,205.0,20.0,163,5623,1001,838
204,24,14,205.0,20.0,150,8868,1001,851
203,24,14,205.0,20.0,149,8867,1001,852
209,18,14,205.0,20.0,161,6707,1001,840
207,17,14,205.0,20.0,160,6344,272,112
209,23,14,205.0,20.0,156,8512,1001,845
205,23,14,205.0,20.0,152,8508,286,134
203,23,14,205.0,20.0,150,8506,1001,851
201,22,14,205.0,20.0,149,8143,1001,852
200,19,14,205.0,20.0,151,7059,1001,850
211,20,15,215.0,20.0,161,7431,1001,840
214,15,15,215.0,20.0,169,5629,1001,832
219,17,15,215.0,20.0,172,6356,1001,829
211,15,15,215.0,20.0,166,5626,1001,835
214,19,15,215.0,20.0,165,7073,1001,836
211,15,15,215.0,20.0,166,5626,1001,835
211,17,15,215.0,20.0,164,6348,275,111
213,19,15,215.0,20.0,164,7072,1001,837
214,17,15,215.0,20.0,167,6351,1001,834
219,15,15,215.0,20.0,174,5634,1001,827
221,19,16,225.0,20.0,172,7080,1001,829
220,22,16,225.0,20.0,168,8162,1001,833
229,15,16,225.0,20.0,184,5644,1001,817
226,21,16,225.0,20.0,175,7807,1001,826
228,20,16,225.0,20.0,178,7448,1001,823
223,21,16,225.0,20.0,172,7804,1001,829
228,24,16,225.0,20.0,174,8892,1001,827
223,15,16,225.0,20.0,178,5638,1001,823
220,17,16,225.0,20.0,173,6357,1001,828
226,20,16,225.0,20.0,176,7446,1001,825
235,17,17,235.0,20.0,188,6372,1001,813
235,20,17,235.0,20.0,185,7455,1001,816
231,20,17,235.0,20.0,181,7451,1001,820
233,15,17,235.0,20.0,188,5648,1001,813
239,23,17,235.0,20.0,186,8542,1001,815
235,22,17,235.0,20.0,183,8177,1001,818
230,17,17,235.0,20.0,183,6367,1001,818
238,17,17,235.0,20.0,191,6375,1001,810
233,16,17,235.0,20.0,187,6009,1001,814
239,18,17,235.0,20.0,191,6737,1001,810
247,19,18,245.0,20.0,198,7106,1001,803
241,17,18,245.0,20.0,194,6378,1001,807
249,21,18,245.0,20.0,198,7830,1001,803
244,23,18,245.0,20.0,191,8547,1001,810
245,22,18,245.0,20.0,193,8187,1001,808
247,18,18,245.0,20.0,199,6745,1001,802
245,21,18,245.0,20.0,194,7826,1001,807
248,16,18,245.0,20.0,202,6024,1001,799
243,24,18,245.0,20.0,189,8907,1001,812
242,24,18,245.0,20.0,188,8906,1001,813
253,16,19,255.0,20.0,207,6029,1001,794
258,15,19,255.0,20.0,213,5673,1001,788
258,19,19,255.0,20.0,209,7117,1001,792
258,15,19,255.0,20.0,213,5673,1001,788
257,16,19,255.0,20.0,211,6033,1001,790
255,19,19,255.0,20.0,206,7114,1001,795
259,16,19,255.0,20.0,213,6035,1001,788
252,15,19,255.0,20.0,207,5667,1001,794
251,20,19,255.0,20.0,201,7471,1001,800
255,20,19,255.0,20.0,205,7475,1001,796
265,16,20,265.0,20.0,219,6041,1001,782
262,24,20,265.0,20.0,208,8926,1001,793
267,19,20,265.0,20.0,218,7126,1001,783
267,22,20,265.0,20.0,215,8209,1001,786
263,19,20,265.0,20.0,214,7122,1001,787
268,21,20,265.0,20.0,217,7849,1001,784
266,21,20,265.0,20.0,215,7847,1001,786
267,23,20,265.0,20.0,214,8570,1001,787
266,24,20,265.0,20.0,212,8930,1001,789
260,21,20,265.0,20.0,209,7841,1001,792
279,22,21,275.0,20.0,227,8221,1001,774
276,23,21,275.0,20.0,223,8579,1001,778
279,17,21,275.0,20.0,232,6416,1001,769
279,23,21,275.0,20.0,226,8582,1001,775
270,16,21,275.0,20.0,224,6046,1001,777
273,16,21,275.0,20.0,227,6049,1001,774
274,20,21,275.0,20.0,224,7494,1001,777
271,20,21,275.0,20.0,221,7491,1001,780
279,22,21,275.0,20.0,227,8221,1001,774
276,18,21,275.0,20.0,228,6774,1001,773
288,21,22,285.0,20.0,237,7869,1001,764
288,19,22,285.0,20.0,239,7147,1001,762
284,18,22,285.0,20.0,236,6782,1001,765
283,21,22,285.0,20.0,232,7864,1001,769
282,18,22,285.0,20.0,234,6780,1001,767
280,21,22,285.0,20.0,229,7861,1001,772
288,23,22,285.0,20.0,235,8591,1001,766
281,22,22,285.0,20.0,229,8223,377,148
281,24,22,285.0,20.0,227,8945,1001,774
289,16,22,285.0,20.0,243,6065,387,144
291,22,23,295.0,20.0,239,8233,1001,762
297,22,23,295.0,20.0,245,8239,390,145
293,21,23,295.0,20.0,242,7874,1001,759
294,23,23,295.0,20.0,241,8597,1001,760
293,18,23,295.0,20.0,245,6791,1001,756
290,21,23,295.0,20.0,239,7871,1001,762
299,16,23,295.0,20.0,253,6075,449,196
290,20,23,295.0,20.0,240,7510,1001,761
293,20,23,295.0,20.0,243,7513,1001,758
296,21,23,295.0,20.0,245,7877,1001,756
305,16,24,305.0,20.0,259,6081,1001,742
300,20,24,305.0,20.0,250,7520,1001,751
306,23,24,305.0,20.0,253,8609,1001,748
300,15,24,305.0,20.0,255,5715,1001,746
307,21,24,305.0,20.0,256,7888,1001,745
308,22,24,305.0,20.0,256,8250,1001,745
307,20,24,305.0,20.0,257,7527,1001,744
300,22,24,305.0,20.0,248,8242,1001,753
307,15,24,305.0,20.0,262,5722,1001,739
308,24,24,305.0,20.0,254,8972,1001,747
310,19,25,312.5,20.0,261,7169,1001,740
310,24,25,312.5,20.0,256,8974,1001,745
310,17,25,312.5,20.0,263,6447,1001,738
310,18,25,312.5,20.0,262,6808,450,188
313,22,25,312.5,20.0,261,8255,1001,740
314,15,25,312.5,20.0,269,5729,508,239
310,23,25,312.5,20.0,257,8613,1001,744
313,15,25,312.5,20.0,268,5728,501,233
314,15,25,312.5,20.0,269,5729,1001,732
311,21,25,312.5,20.0,260,7892,1001,741
65,33,26,65.0,30.0,8,11978,18,10
66,25,26,65.0,30.0,11,9091,44,33
64,25,26,65.0,30.0,9,9089,33,24
63,33,26,65.0,30.0,6,11976,23,17
67,34,26,65.0,30.0,11,12341,59,48
65,25,26,65.0,30.0,10,9090,43,33
61,31,26,65.0,30.0,2,11252,28,26
63,33,26,65.0,30.0,6,11976,13,7
66,34,26,65.0,30.0,10,12340,56,46
60,29,26,65.0,30.0,1,10529,15,14
76,31,27,75.0,30.0,17,11267,31,14
71,31,27,75.0,30.0,12,11262,38,26
78,27,27,75.0,30.0,21,9825,71,50
73,29,27,75.0,30.0,14,10542,49,35
77,29,27,75.0,30.0,18,10546,52,34
75,26,27,75.0,30.0,19,9461,50,31
76,31,27,75.0,30.0,17,11267,37,20
72,29,27,75.0,30.0,13,10541,30,17
74,30,27,75.0,30.0,14,10904,28,14
77,32,27,75.0,30.0,19,11629,34,15
81,30,28,85.0,30.0,21,10911,58,37
87,30,28,85.0,30.0,27,10917,42,15
81,34,28,85.0,30.0,25,12355,44,19
88,27,28,85.0,30.0,31,9835,48,17
81,31,28,85.0,30.0,22,11272,49,27
81,33,28,85.0,30.0,24,11994,77,53
86,32,28,85.0,30.0,28,11638,53,25
82,33,28,85.0,30.0,25,11995,80,55
81,29,28,85.0,30.0,22,10550,51,29
83,30,28,85.0,30.0,23,10913,45,22
95,26,29,95.0,30.0,39,9481,65,26
98,31,29,95.0,30.0,39,11289,58,19
93,27,29,95.0,30.0,36,9840,67,31
98,30,29,95.0,30.0,38,10928,46,8
96,27,29,95.0,30.0,39,9843,69,30
91,33,29,95.0,30.0,34,12004,54,20
91,33,29,95.0,30.0,34,12004,77,43
98,31,29,95.0,30.0,39,11289,56,17
99,26,29,95.0,30.0,43,9485,93,50
90,29,29,95.0,30.0,31,10559,98,67
105,25,30,105.0,30.0,50,9130,80,30
109,32,30,105.0,30.0,51,11661,112,61
100,32,30,105.0,30.0,42,11652,63,21
109,26,30,105.0,30.0,53,9495,95,42
105,29,30,105.0,30.0,46,10574,77,31
105,33,30,105.0,30.0,48,12018,75,27
107,27,30,105.0,30.0,50,9854,78,28
106,30,30,105.0,30.0,46,10936,95,49
100,32,30,105.0,30.0,42,11652,64,22
108,25,30,105.0,30.0,53,9133,80,27
119,30,31,115.0,30.0,59,10949,94,35
114,28,31,115.0,30.0,56,10222,126,70
112,34,31,115.0,30.0,56,12386,99,43
110,26,31,115.0,30.0,54,9496,97,43
113,32,31,115.0,30.0,55,11665,82,27
116,26,31,115.0,30.0,60,9502,106,46
111,34,31,115.0,30.0,55,12385,87,32
118,26,31,115.0,30.0,62,9504,129,67
119,25,31,115.0,30.0,64,9144,103,39
119,27,31,115.0,30.0,62,9866,88,26
125,34,32,125.0,30.0,69,12399,112,43
125,29,32,125.0,30.0,66,10594,86,20
127,26,32,125.0,30.0,71,9513,124,53
123,31,32,125.0,30.0,64,11314,115,51
128,27,32,125.0,30.0,71,9875,106,35
126,29,32,125.0,30.0,67,10595,100,33
126,28,32,125.0,30.0,68,10234,113,45
125,33,32,125.0,30.0,68,12038,106,38
123,27,32,125.0,30.0,66,9870,112,46
128,26,32,125.0,30.0,72,9514,107,35
131,30,33,135.0,30.0,71,10961,100,29
139,25,33,135.0,30.0,84,9164,140,56
135,26,33,135.0,30.0,79,9521,117,38
133,34,33,135.0,30.0,77,12407,123,46
137,29,33,135.0,30.0,78,10606,141,63
133,30,33,135.0,30.0,73,10963,97,24
137,31,33,135.0,30.0,78,11328,132,54
130,30,33,135.0,30.0,70,10960,1001,931
139,26,33,135.0,30.0,83,9525,126,43
137,27,33,135.0,30.0,80,9884,156,76
147,32,34,145.0,30.0,89,11699,134,45
141,34,34,145.0,30.0,85,12415,119,34
142,33,34,145.0,30.0,85,12055,129,44
148,34,34,145.0,30.0,92,12422,141,49
144,34,34,145.0,30.0,88,12418,130,42
143,27,34,145.0,30.0,86,9890,132,46
145,31,34,145.0,30.0,86,11336,142,56
146,29,34,145.0,30.0,87,10615,157,70
141,27,34,145.0,30.0,84,9888,137,53
149,26,34,145.0,30.0,93,9535,156,63
158,32,35,155.0,30.0,100,11710,126,26
155,29,35,155.0,30.0,96,10624,187,91
158,27,35,155.0,30.0,101,9905,151,50
158,25,35,155.0,30.0,103,9183,150,47
159,26,35,155.0,30.0,103,9545,146,43
152,30,35,155.0,30.0,92,10982,137,45
152,30,35,155.0,30.0,92,10982,128,36
158,32,35,155.0,30.0,100,11710,141,41
159,30,35,155.0,30.0,99,10989,136,37
156,34,35,155.0,30.0,100,12430,143,43
162,34,36,165.0,30.0,106,12436,173,67
162,33,36,165.0,30.0,105,12075,142,37
163,34,36,165.0,30.0,107,12437,140,33
163,28,36,165.0,30.0,105,10271,175,70
160,28,36,165.0,30.0,102,10268,164,62
164,26,36,165.0,30.0,108,9550,168,60
163,25,36,165.0,30.0,108,9188,152,44
163,33,36,165.0,30.0,106,12076,154,48
168,33,36,165.0,30.0,111,12081,223,112
167,32,36,165.0,30.0,109,11719,188,79
177,30,37,175.0,30.0,117,11007,1001,884
179,33,37,175.0,30.0,122,12092,240,118
173,25,37,175.0,30.0,118,9198,177,59
173,27,37,175.0,30.0,116,9920,191,75
175,32,37,175.0,30.0,117,11727,1001,884
170,32,37,175.0,30.0,112,11722,154,42
175,27,37,175.0,30.0,118,9922,190,72
176,29,37,175.0,30.0,117,10645,172,55
173,25,37,175.0,30.0,118,9198,177,59
175,32,37,175.0,30.0,117,11727,1001,884
182,28,38,185.0,30.0,124,10290,1001,877
183,34,38,185.0,30.0,127,12457,1001,874
186,32,38,185.0,30.0,128,11738,1001,873
182,33,38,185.0,30.0,125,12095,1001,876
185,34,38,185.0,30.0,129,12459,1001,872
184,33,38,185.0,30.0,127,12097,1001,874
187,27,38,185.0,30.0,130,9934,1001,871
187,29,38,185.0,30.0,128,10656,1001,873
182,32,38,185.0,30.0,124,11734,1001,877
186,32,38,185.0,30.0,128,11738,1001,873
190,28,39,195.0,30.0,132,10298,1001,869
195,31,39,195.0,30.0,136,11386,1001,865
192,33,39,195.0,30.0,135,12105,1001,866
196,34,39,195.0,30.0,140,12470,1001,861
199,31,39,195.0,30.0,140,11390,1001,861
191,30,39,195.0,30.0,131,11021,1001,870
198,30,39,195.0,30.0,138,11028,1001,863
191,26,39,195.0,30.0,135,9577,1001,866
192,31,39,195.0,30.0,133,11383,290,157
191,25,39,195.0,30.0,136,9216,1001,865
209,28,40,205.0,30.0,151,10317,1001,850
201,33,40,205.0,30.0,144,12114,1001,857
200,26,40,205.0,30.0,144,9586,1001,857
205,32,40,205.0,30.0,147,11757,1001,854
208,27,40,205.0,30.0,151,9955,270,119
209,34,40,205.0,30.0,153,12483,1001,848
202,25,40,205.0,30.0,147,9227,1001,854
204,25,40,205.0,30.0,149,9229,1001,852
206,29,40,205.0,30.0,147,10675,1001,854
201,33,40,205.0,30.0,144,12114,1001,857
216,34,41,215.0,30.0,160,12490,1001,841
219,29,41,215.0,30.0,160,10688,1001,841
218,34,41,215.0,30.0,162,12492,1001,839
218,33,41,215.0,30.0,161,12131,1001,840
210,30,41,215.0,30.0,150,11040,304,154
211,26,41,215.0,30.0,155,9597,1001,846
211,30,41,215.0,30.0,151,11041,1001,850
212,25,41,215.0,30.0,157,9237,1001,844
217,34,41,215.0,30.0,161,12491,1001,840
213,27,41,215.0,30.0,156,9960,1001,845
229,34,42,225.0,30.0,173,12503,1001,828
221,30,42,225.0,30.0,161,11051,1001,840
226,25,42,225.0,30.0,171,9251,1001,830
228,26,42,225.0,30.0,172,9614,1001,829
220,26,42,225.0,30.0,164,9606,1001,837
226,31,42,225.0,30.0,167,11417,1001,834
220,30,42,225.0,30.0,160,11050,298,138
223,30,42,225.0,30.0,163,11053,1001,838
228,29,42,225.0,30.0,169,10697,1001,832
221,30,42,225.0,30.0,161,11051,1001,840
234,32,43,235.0,30.0,176,11786,1001,825
238,28,43,235.0,30.0,180,10346,1001,821
233,25,43,235.0,30.0,178,9258,1001,823
231,27,43,235.0,30.0,174,9978,1001,827
234,30,43,235.0,30.0,174,11064,312,138
236,31,43,235.0,30.0,177,11427,1001,824
232,26,43,235.0,30.0,176,9618,1001,825
237,25,43,235.0,30.0,182,9262,1001,819
234,31,43,235.0,30.0,175,11425,1001,826
238,29,43,235.0,30.0,179,10707,1001,822
248,30,44,245.0,30.0,188,11078,1001,813
245,27,44,245.0,30.0,188,9992,1001,813
245,34,44,245.0,30.0,189,12519,1001,812
245,25,44,245.0,30.0,190,9270,1001,811
249,26,44,245.0,30.0,193,9635,1001,808
240,33,44,245.0,30.0,183,12153,1001,818
247,28,44,245.0,30.0,189,10355,320,131
249,30,44,245.0,30.0,189,11079,1001,812
248,26,44,245.0,30.0,192,9634,1001,809
249,32,44,245.0,30.0,191,11801,1001,810
252,28,45,255.0,30.0,194,10360,346,152
254,30,45,255.0,30.0,194,11084,1001,807
250,30,45,255.0,30.0,190,11080,1001,811
258,29,45,255.0,30.0,199,10727,1001,802
257,33,45,255.0,30.0,200,12170,1001,801
254,32,45,255.0,30.0,196,11806,1001,805
253,26,45,255.0,30.0,197,9639,1001,804
253,28,45,255.0,30.0,195,10361,1001,806
251,25,45,255.0,30.0,196,9276,331,135
253,27,45,255.0,30.0,196,10000,1001,805
267,31,46,265.0,30.0,208,11458,357,149
260,28,46,265.0,30.0,202,10368,1001,799
267,29,46,265.0,30.0,208,10736,1001,793
267,30,46,265.0,30.0,207,11097,1001,794
268,30,46,265.0,30.0,208,11098,361,153
265,25,46,265.0,30.0,210,9290,1001,791
269,31,46,265.0,30.0,210,11460,1001,791
266,26,46,265.0,30.0,210,9652,1001,791
264,28,46,265.0,30.0,206,10372,1001,795
261,26,46,265.0,30.0,205,9647,1001,796
273,34,47,275.0,30.0,217,12547,354,137
270,26,47,275.0,30.0,214,9656,1001,787
276,34,47,275.0,30.0,220,12550,1001,781
272,31,47,275.0,30.0,213,11463,1001,788
271,27,47,275.0,30.0,214,10018,1001,787
277,33,47,275.0,30.0,220,12190,445,225
278,32,47,275.0,30.0,220,11830,377,157
272,29,47,275.0,30.0,213,10741,1001,788
279,33,47,275.0,30.0,222,12192,355,133
274,25,47,275.0,30.0,219,9299,349,130
288,26,48,285.0,30.0,232,9674,1001,769
280,30,48,285.0,30.0,220,11110,366,146
281,30,48,285.0,30.0,221,11111,369,148
281,26,48,285.0,30.0,225,9667,1001,776
280,29,48,285.0,30.0,221,10749,373,152
285,26,48,285.0,30.0,229,9671,1001,772
287,32,48,285.0,30.0,229,11839,370,141
286,30,48,285.0,30.0,226,11116,382,156
283,28,48,285.0,30.0,225,10391,412,187
287,33,48,285.0,30.0,230,12200,1001,771
293,30,49,295.0,30.0,233,11123,388,155
295,28,49,295.0,30.0,237,10403,1001,764
290,34,49,295.0,30.0,234,12564,429,195
292,30,49,295.0,30.0,232,11122,1001,769
297,32,49,295.0,30.0,239,11849,1001,762
291,26,49,295.0,30.0,235,9677,370,135
291,29,49,295.0,30.0,232,10760,1001,769
296,26,49,295.0,30.0,240,9682,1001,761
299,34,49,295.0,30.0,243,12573,1001,758
290,27,49,295.0,30.0,233,10037,1001,768
300,27,50,305.0,30.0,243,10047,1001,758
305,29,50,305.0,30.0,246,10774,1001,755
303,34,50,305.0,30.0,247,12577,1001,754
306,27,50,305.0,30.0,249,10053,1001,752
303,28,50,305.0,30.0,245,10411,1001,756
307,27,50,305.0,30.0,250,10054,1001,751
301,31,50,305.0,30.0,242,11492,1001,759
306,25,50,305.0,30.0,251,9331,1001,750
303,28,50,305.0,30.0,245,10411,1001,756
304,29,50,305.0,30.0,245,10773,1001,756
314,26,51,312.5,30.0,258,9700,1001,743
311,29,51,312.5,30.0,252,10780,1001,749
311,32,51,312.5,30.0,253,11863,1001,748
312,25,51,312.5,30.0,257,9337,1001,744
314,29,51,312.5,30.0,255,10783,1001,746
314,29,51,312.5,30.0,255,10783,573,318
314,34,51,312.5,30.0,258,12588,1001,743
311,33,51,312.5,30.0,254,12224,1001,747
310,26,51,312.5,30.0,254,9696,1001,747
312,32,51,312.5,30.0,254,11864,1001,747
60,37,52,65.0,40.0,7,13417,194,187
64,43,52,65.0,40.0,17,15587,360,343
64,42,52,65.0,40.0,16,15226,64,48
65,38,52,65.0,40.0,13,13783,82,69
60,44,52,65.0,40.0,14,15944,55,41
65,44,52,65.0,40.0,19,15949,67,48
66,39,52,65.0,40.0,15,14145,68,53
62,35,52,65.0,40.0,7,12697,268,261
63,42,52,65.0,40.0,15,15225,58,43
64,40,52,65.0,40.0,14,14504,66,52
73,42,53,75.0,40.0,25,15235,66,41
74,44,53,75.0,40.0,28,15958,87,59
74,43,53,75.0,40.0,27,15597,80,53
77,39,53,75.0,40.0,26,14156,77,51
79,35,53,75.0,40.0,24,12714,70,46
74,41,53,75.0,40.0,25,14875,77,52
77,35,53,75.0,40.0,22,12712,54,32
70,41,53,75.0,40.0,21,14871,94,73
71,41,53,75.0,40.0,22,14872,78,56
75,38,53,75.0,40.0,23,13793,29,6
80,35,54,85.0,40.0,25,12715,34,9
82,42,54,85.0,40.0,34,15244,110,76
87,36,54,85.0,40.0,33,13083,59,26
86,41,54,85.0,40.0,37,14887,84,47
88,42,54,85.0,40.0,40,15250,86,46
86,38,54,85.0,40.0,34,13804,49,15
86,39,54,85.0,40.0,35,14165,90,55
81,42,54,85.0,40.0,33,15243,100,67
84,44,54,85.0,40.0,38,15968,118,80
87,38,54,85.0,40.0,35,13805,64,29
96,44,55,95.0,40.0,50,15980,98,48
92,40,55,95.0,40.0,42,14532,92,50
93,42,55,95.0,40.0,45,15255,99,54
91,40,55,95.0,40.0,41,14531,94,53
96,35,55,95.0,40.0,41,12731,92,51
91,44,55,95.0,40.0,45,15975,99,54
96,43,55,95.0,40.0,49,15619,103,54
97,35,55,95.0,40.0,42,12732,52,10
98,42,55,95.0,40.0,50,15260,110,60
91,41,55,95.0,40.0,42,14892,89,47
104,39,56,105.0,40.0,53,14183,63,10
103,43,56,105.0,40.0,56,15626,104,48
101,44,56,105.0,40.0,55,15985,107,52
100,37,56,105.0,40.0,47,13457,57,10
103,41,56,105.0,40.0,54,14904,138,84
109,42,56,105.0,40.0,61,15271,85,24
101,36,56,105.0,40.0,47,13097,65,18
105,42,56,105.0,40.0,57,15267,136,79
107,36,56,105.0,40.0,53,13103,82,29
105,42,56,105.0,40.0,57,15267,110,53
118,42,57,115.0,40.0,70,15280,166,96
117,40,57,115.0,40.0,67,14557,72,5
110,39,57,115.0,40.0,59,14189,100,41
114,35,57,115.0,40.0,59,12749,76,17
112,38,57,115.0,40.0,60,13830,106,46
118,44,57,115.0,40.0,72,16002,126,54
112,41,57,115.0,40.0,63,14913,130,67
117,37,57,115.0,40.0,64,13474,86,22
114,39,57,115.0,40.0,63,14193,79,16
111,37,57,115.0,40.0,58,13468,82,24
128,40,58,125.0,40.0,78,14568,147,69
121,41,58,125.0,40.0,72,14922,157,85
124,41,58,125.0,40.0,75,14925,145,70
128,37,58,125.0,40.0,75,13485,99,24
124,36,58,125.0,40.0,70,13120,83,13
120,43,58,125.0,40.0,73,15643,141,68
123,39,58,125.0,40.0,72,14202,116,44
125,36,58,125.0,40.0,71,13121,124,53
126,36,58,125.0,40.0,72,13122,89,17
125,36,58,125.0,40.0,71,13121,124,53
138,42,59,135.0,40.0,90,15300,174,84
134,38,59,135.0,40.0,82,13852,119,37
133,37,59,135.0,40.0,80,13490,111,31
130,37,59,135.0,40.0,77,13487,101,24
133,37,59,135.0,40.0,80,13490,100,20
131,36,59,135.0,40.0,77,13127,125,48
139,40,59,135.0,40.0,89,14579,160,71
139,41,59,135.0,40.0,90,14940,119,29
130,36,59,135.0,40.0,76,13126,126,50
131,44,59,135.0,40.0,85,16015,148,63
147,36,60,145.0,40.0,93,13143,197,104
146,43,60,145.0,40.0,99,15669,164,65
147,36,60,145.0,40.0,93,13143,105,12
147,36,60,145.0,40.0,93,13143,117,24
145,37,60,145.0,40.0,92,13502,150,58
149,41,60,145.0,40.0,100,14950,132,32
146,35,60,145.0,40.0,91,12781,135,44
146,41,60,145.0,40.0,97,14947,113,16
142,43,60,145.0,40.0,95,15665,175,80
143,44,60,145.0,40.0,97,16027,196,99
153,36,61,155.0,40.0,99,13149,138,39
156,39,61,155.0,40.0,105,14235,131,26
159,44,61,155.0,40.0,113,16043,194,81
153,37,61,155.0,40.0,100,13510,109,9
159,35,61,155.0,40.0,104,12794,130,26
158,44,61,155.0,40.0,112,16042,196,84
159,42,61,155.0,40.0,111,15321,184,73
153,35,61,155.0,40.0,98,12788,134,36
159,39,61,155.0,40.0,108,14238,1001,893
155,37,61,155.0,40.0,102,13512,142,40
165,36,62,165.0,40.0,111,13161,158,47
164,44,62,165.0,40.0,118,16048,186,68
161,42,62,165.0,40.0,113,15323,155,42
161,43,62,165.0,40.0,114,15684,195,81
161,43,62,165.0,40.0,114,15684,176,62
164,40,62,165.0,40.0,114,14604,186,72
165,35,62,165.0,40.0,110,12800,151,41
164,44,62,165.0,40.0,118,16048,195,77
168,41,62,165.0,40.0,119,14969,221,102
160,44,62,165.0,40.0,114,16044,204,90
170,42,63,175.0,40.0,122,15332,204,82
177,35,63,175.0,40.0,122,12812,168,46
172,40,63,175.0,40.0,122,14612,176,54
174,38,63,175.0,40.0,122,13892,197,75
177,38,63,175.0,40.0,125,13895,165,40
171,40,63,175.0,40.0,121,14611,153,32
178,35,63,175.0,40.0,123,12813,1001,878
178,37,63,175.0,40.0,125,13535,1001,876
170,36,63,175.0,40.0,116,13166,143,27
170,36,63,175.0,40.0,116,13166,1001,885
186,40,64,185.0,40.0,136,14626,1001,865
186,38,64,185.0,40.0,134,13904,1001,867
180,35,64,185.0,40.0,125,12815,181,56
189,36,64,185.0,40.0,135,13185,1001,866
184,43,64,185.0,40.0,137,15707,1001,864
186,40,64,185.0,40.0,136,14626,1001,865
181,39,64,185.0,40.0,130,14260,1001,871
184,43,64,185.0,40.0,137,15707,1001,864
189,44,64,185.0,40.0,143,16073,1001,858
181,42,64,185.0,40.0,133,15343,1001,868
193,43,65,195.0,40.0,146,15716,1001,855
195,39,65,195.0,40.0,144,14274,1001,857
190,37,65,195.0,40.0,137,13547,1001,864
196,36,65,195.0,40.0,142,13192,1001,859
194,35,65,195.0,40.0,139,12829,1001,862
199,35,65,195.0,40.0,144,12834,1001,857
193,39,65,195.0,40.0,142,14272,1001,859
199,44,65,195.0,40.0,153,16083,1001,848
197,35,65,195.0,40.0,142,12832,1001,859
196,40,65,195.0,40.0,146,14636,1001,855
203,35,66,205.0,40.0,148,12838,1001,853
202,38,66,205.0,40.0,150,13920,1001,851
207,43,66,205.0,40.0,160,15730,1001,841
207,37,66,205.0,40.0,154,13564,1001,847
207,38,66,205.0,40.0,155,13925,1001,846
203,37,66,205.0,40.0,150,13560,1001,851
208,41,66,205.0,40.0,159,15009,1001,842
209,37,66,205.0,40.0,156,13566,1001,845
206,39,66,205.0,40.0,155,14285,1001,846
201,37,66,205.0,40.0,148,13558,1001,853
210,44,67,215.0,40.0,164,16094,1001,837
219,36,67,215.0,40.0,165,13215,1001,836
211,42,67,215.0,40.0,163,15373,1001,838
212,35,67,215.0,40.0,157,12847,1001,844
216,42,67,215.0,40.0,168,15378,1001,833
219,44,67,215.0,40.0,173,16103,1001,828
217,39,67,215.0,40.0,166,14296,1001,835
217,38,67,215.0,40.0,165,13935,1001,836
213,35,67,215.0,40.0,158,12848,1001,843
211,40,67,215.0,40.0,161,14651,1001,840
225,40,68,225.0,40.0,175,14665,1001,826
223,39,68,225.0,40.0,172,14302,1001,829
221,37,68,225.0,40.0,168,13578,1001,833
229,37,68,225.0,40.0,176,13586,1001,825
224,39,68,225.0,40.0,173,14303,1001,828
220,35,68,225.0,40.0,165,12855,1001,836
225,39,68,225.0,40.0,174,14304,1001,827
227,42,68,225.0,40.0,179,15389,1001,822
220,40,68,225.0,40.0,170,14660,1001,831
222,35,68,225.0,40.0,167,12857,1001,834
233,35,69,235.0,40.0,178,12868,1001,823
236,39,69,235.0,40.0,185,14315,347,162
238,39,69,235.0,40.0,187,14317,1001,814
236,37,69,235.0,40.0,183,13593,1001,818
236,42,69,235.0,40.0,188,15398,1001,813
230,44,69,235.0,40.0,184,16114,1001,817
239,40,69,235.0,40.0,189,14679,1001,812
232,37,69,235.0,40.0,179,13589,1001,822
238,39,69,235.0,40.0,187,14317,1001,814
231,35,69,235.0,40.0,176,12866,1001,825
241,37,70,245.0,40.0,188,13598,1001,813
241,35,70,245.0,40.0,186,12876,1001,815
241,37,70,245.0,40.0,188,13598,1001,813
244,41,70,245.0,40.0,195,15045,1001,806
243,38,70,245.0,40.0,191,13961,1001,810
244,36,70,245.0,40.0,190,13240,327,137
246,37,70,245.0,40.0,193,13603,1001,808
249,35,70,245.0,40.0,194,12884,1001,807
245,35,70,245.0,40.0,190,12880,1001,811
246,39,70,245.0,40.0,195,14325,1001,806
251,35,71,255.0,40.0,196,12886,1001,805
256,35,71,255.0,40.0,201,12891,358,157
254,35,71,255.0,40.0,199,12889,1001,802
254,42,71,255.0,40.0,206,15416,1001,795
259,40,71,255.0,40.0,209,14699,1001,792
254,38,71,255.0,40.0,202,13972,1001,799
255,38,71,255.0,40.0,203,13973,1001,798
259,40,71,255.0,40.0,209,14699,1001,792
250,35,71,255.0,40.0,195,12885,1001,806
250,39,71,255.0,40.0,199,14329,1001,802
268,44,72,265.0,40.0,222,16152,1001,779
266,44,72,265.0,40.0,220,16150,1001,781
268,39,72,265.0,40.0,217,14347,368,151
266,44,72,265.0,40.0,220,16150,1001,781
261,38,72,265.0,40.0,209,13979,1001,792
265,38,72,265.0,40.0,213,13983,460,247
263,43,72,265.0,40.0,216,15786,1001,785
261,35,72,265.0,40.0,206,12896,1001,795
263,43,72,265.0,40.0,216,15786,1001,785
268,35,72,265.0,40.0,213,12903,1001,788
278,38,73,275.0,40.0,226,13996,1001,775
273,40,73,275.0,40.0,223,14713,411,188
279,36,73,275.0,40.0,225,13275,398,173
276,40,73,275.0,40.0,226,14716,382,156
270,38,73,275.0,40.0,218,13988,353,135
279,35,73,275.0,40.0,224,12914,456,232
272,42,73,275.0,40.0,224,15434,402,178
275,35,73,275.0,40.0,220,12910,387,167
272,40,73,275.0,40.0,222,14712,1001,779
273,44,73,275.0,40.0,227,16157,1001,774
283,42,74,285.0,40.0,235,15445,371,136
288,35,74,285.0,40.0,233,12923,398,165
281,37,74,285.0,40.0,228,13638,370,142
289,36,74,285.0,40.0,235,13285,386,151
281,43,74,285.0,40.0,234,15804,1001,767
285,40,74,285.0,40.0,235,14725,438,203
288,41,74,285.0,40.0,239,15089,438,199
280,40,74,285.0,40.0,230,14720,378,148
289,39,74,285.0,40.0,238,14368,382,144
281,40,74,285.0,40.0,231,14721,379,148
295,37,75,295.0,40.0,242,13652,398,156
290,44,75,295.0,40.0,244,16174,427,183
299,44,75,295.0,40.0,253,16183,424,171
291,38,75,295.0,40.0,239,14009,1001,762
296,37,75,295.0,40.0,243,13653,409,166
296,41,75,295.0,40.0,247,15097,1001,754
290,37,75,295.0,40.0,237,13647,388,151
295,41,75,295.0,40.0,246,15096,413,167
290,43,75,295.0,40.0,243,15813,403,160
294,36,75,295.0,40.0,240,13290,449,209
308,43,76,305.0,40.0,261,15831,1001,740
308,37,76,305.0,40.0,255,13665,1001,746
308,35,76,305.0,40.0,253,12943,1001,748
307,38,76,305.0,40.0,255,14025,1001,746
300,42,76,305.0,40.0,252,15462,422,170
301,37,76,305.0,40.0,248,13658,403,155
302,37,76,305.0,40.0,249,13659,1001,752
304,39,76,305.0,40.0,253,14383,425,172
301,38,76,305.0,40.0,249,14019,1001,752
309,35,76,305.0,40.0,254,12944,1001,747
314,38,77,312.5,40.0,262,14032,1001,739
311,35,77,312.5,40.0,256,12946,1001,745
313,37,77,312.5,40.0,260,13670,1001,741
312,37,77,312.5,40.0,259,13669,1001,742
311,35,77,312.5,40.0,256,12946,1001,745
314,43,77,312.5,40.0,267,15837,441,174
314,36,77,312.5,40.0,260,13310,413,153
314,43,77,312.5,40.0,267,15837,436,169
314,44,77,312.5,40.0,268,16198,414,146
311,41,77,312.5,40.0,262,15112,1001,739
