x,y,cell,cell_x,cell_y,opt_traj,point_id,steps_taken,extra_steps
65,23,0,65.0,20.0,12,8368,1001,989
61,21,0,65.0,20.0,10,7642,45,35
61,23,0,65.0,20.0,8,8364,26,18
62,18,0,65.0,20.0,14,6560,43,29
61,20,0,65.0,20.0,11,7281,27,16
66,24,0,65.0,20.0,12,8730,58,46
63,17,0,65.0,20.0,16,6200,141,125
68,18,0,65.0,20.0,20,6566,62,42
66,19,0,65.0,20.0,17,6925,87,70
66,17,0,65.0,20.0,19,6203,87,68
71,24,1,75.0,20.0,17,8735,63,46
72,23,1,75.0,20.0,19,8375,33,14
74,23,1,75.0,20.0,21,8377,70,49
79,16,1,75.0,20.0,33,5855,53,20
75,15,1,75.0,20.0,30,5490,114,84
72,21,1,75.0,20.0,21,7653,48,27
79,17,1,75.0,20.0,32,6216,1001,969
78,22,1,75.0,20.0,26,8020,54,28
78,15,1,75.0,20.0,33,5493,91,58
76,22,1,75.0,20.0,24,8018,41,17
87,16,2,85.0,20.0,41,5863,68,27
81,23,2,85.0,20.0,28,8384,43,15
87,16,2,85.0,20.0,41,5863,115,74
88,16,2,85.0,20.0,42,5864,67,25
81,15,2,85.0,20.0,36,5496,68,32
84,20,2,85.0,20.0,34,7304,65,31
82,16,2,85.0,20.0,36,5858,75,39
89,24,2,85.0,20.0,35,8753,80,45
87,16,2,85.0,20.0,41,5863,82,41
82,24,2,85.0,20.0,28,8746,246,218
95,24,3,95.0,20.0,41,8759,106,65
99,20,3,95.0,20.0,49,7319,80,31
91,22,3,95.0,20.0,39,8033,91,52
91,22,3,95.0,20.0,39,8033,113,74
99,22,3,95.0,20.0,47,8041,74,27
92,15,3,95.0,20.0,47,5507,75,28
97,19,3,95.0,20.0,48,6956,63,15
97,24,3,95.0,20.0,43,8761,72,29
92,20,3,95.0,20.0,42,7312,1001,959
91,20,3,95.0,20.0,41,7311,88,47
103,22,4,105.0,20.0,51,8045,138,87
107,21,4,105.0,20.0,56,7688,88,32
107,16,4,105.0,20.0,61,5883,156,95
108,23,4,105.0,20.0,55,8411,83,28
103,15,4,105.0,20.0,58,5518,93,35
103,19,4,105.0,20.0,54,6962,183,129
107,15,4,105.0,20.0,62,5522,90,28
100,23,4,105.0,20.0,47,8403,96,49
105,16,4,105.0,20.0,59,5881,1001,942
103,19,4,105.0,20.0,54,6962,82,28
119,19,5,115.0,20.0,70,6978,102,32
113,17,5,115.0,20.0,66,6250,157,91
118,19,5,115.0,20.0,69,6977,93,24
118,19,5,115.0,20.0,69,6977,91,22
114,16,5,115.0,20.0,68,5890,102,34
116,17,5,115.0,20.0,69,6253,141,72
114,21,5,115.0,20.0,63,7695,147,84
112,18,5,115.0,20.0,64,6610,106,42
111,22,5,115.0,20.0,59,8053,97,38
115,17,5,115.0,20.0,68,6252,1001,933
121,19,6,125.0,20.0,72,6980,113,41
122,20,6,125.0,20.0,72,7342,113,41
128,22,6,125.0,20.0,76,8070,134,58
129,21,6,125.0,20.0,78,7710,108,30
126,17,6,125.0,20.0,79,6263,119,40
123,24,6,125.0,20.0,69,8787,103,34
122,22,6,125.0,20.0,70,8064,107,37
127,23,6,125.0,20.0,74,8430,131,57
127,16,6,125.0,20.0,81,5903,132,51
129,20,6,125.0,20.0,79,7349,111,32
132,18,7,135.0,20.0,84,6630,117,33
131,21,7,135.0,20.0,80,7712,121,41
132,21,7,135.0,20.0,81,7713,1001,920
135,18,7,135.0,20.0,87,6633,135,48
138,20,7,135.0,20.0,88,7358,231,143
132,21,7,135.0,20.0,81,7713,130,49
138,22,7,135.0,20.0,86,8080,122,36
133,21,7,135.0,20.0,82,7714,105,23
139,21,7,135.0,20.0,88,7720,137,49
138,15,7,135.0,20.0,93,5553,133,40
141,22,8,145.0,20.0,89,8083,123,34
143,16,8,145.0,20.0,97,5919,170,73
149,17,8,145.0,20.0,102,6286,203,101
149,23,8,145.0,20.0,96,8452,119,23
144,19,8,145.0,20.0,95,7003,318,223
145,19,8,145.0,20.0,96,7004,120,24
145,19,8,145.0,20.0,96,7004,122,26
143,24,8,145.0,20.0,89,8807,113,24
147,17,8,145.0,20.0,100,6284,147,47
144,19,8,145.0,20.0,95,7003,119,24
151,24,9,155.0,20.0,97,8815,165,68
156,24,9,155.0,20.0,102,8820,194,92
159,23,9,155.0,20.0,106,8462,164,58
158,15,9,155.0,20.0,113,5573,169,56
158,23,9,155.0,20.0,105,8461,166,61
153,23,9,155.0,20.0,100,8456,146,46
151,24,9,155.0,20.0,97,8815,138,41
154,23,9,155.0,20.0,101,8457,151,50
158,19,9,155.0,20.0,109,7017,135,26
151,24,9,155.0,20.0,97,8815,184,87
165,17,10,165.0,20.0,118,6302,151,33
167,17,10,165.0,20.0,120,6304,167,47
169,19,10,165.0,20.0,120,7028,164,44
165,21,10,165.0,20.0,114,7746,156,42
169,24,10,165.0,20.0,115,8833,178,63
160,20,10,165.0,20.0,110,7380,146,36
167,16,10,165.0,20.0,121,5943,211,90
164,19,10,165.0,20.0,115,7023,163,48
161,16,10,165.0,20.0,115,5937,173,58
163,21,10,165.0,20.0,112,7744,147,35
172,20,11,175.0,20.0,122,7392,153,31
175,18,11,175.0,20.0,127,6673,232,105
179,16,11,175.0,20.0,133,5955,232,99
173,19,11,175.0,20.0,124,7032,158,34
175,15,11,175.0,20.0,130,5590,195,65
178,20,11,175.0,20.0,128,7398,211,83
171,19,11,175.0,20.0,122,7030,166,44
171,24,11,175.0,20.0,117,8835,251,134
173,22,11,175.0,20.0,121,8115,152,31
179,23,11,175.0,20.0,126,8482,191,65
188,17,12,185.0,20.0,141,6325,1001,860
180,20,12,185.0,20.0,130,7400,160,30
187,15,12,185.0,20.0,142,5602,237,95
186,23,12,185.0,20.0,133,8489,1001,868
183,19,12,185.0,20.0,134,7042,1001,867
189,22,12,185.0,20.0,137,8131,1001,864
180,17,12,185.0,20.0,133,6317,185,52
187,24,12,185.0,20.0,133,8851,1001,868
187,23,12,185.0,20.0,134,8490,1001,867
182,20,12,185.0,20.0,132,7402,1001,869
198,16,13,195.0,20.0,152,5974,256,104
190,16,13,195.0,20.0,144,5966,240,96
197,23,13,195.0,20.0,144,8500,294,150
196,24,13,195.0,20.0,142,8860,282,140
199,20,13,195.0,20.0,149,7419,269,120
195,16,13,195.0,20.0,149,5971,284,135
195,17,13,195.0,20.0,148,6332,248,100
193,19,13,195.0,20.0,144,7052,1001,857
195,21,13,195.0,20.0,144,7776,1001,857
199,24,13,195.0,20.0,145,8863,1001,856
200,22,14,205.0,20.0,148,8142,267,119
207,18,14,205.0,20.0,159,6705,268,109
207,22,14,205.0,20.0,155,8149,318,163
209,18,14,205.0,20.0,161,6707,286,125
202,24,14,205.0,20.0,148,8866,327,179
204,17,14,205.0,20.0,157,6341,256,99
204,19,14,205.0,20.0,155,7063,274,119
200,19,14,205.0,20.0,151,7059,268,117
203,18,14,205.0,20.0,155,6701,272,117
203,24,14,205.0,20.0,149,8867,315,166
214,19,15,215.0,20.0,165,7073,276,111
212,22,15,215.0,20.0,160,8154,267,107
211,21,15,215.0,20.0,160,7792,266,106
212,21,15,215.0,20.0,161,7793,296,135
219,21,15,215.0,20.0,168,7800,279,111
211,15,15,215.0,20.0,166,5626,299,133
213,18,15,215.0,20.0,165,6711,280,115
214,17,15,215.0,20.0,167,6351,256,89
216,20,15,215.0,20.0,166,7436,277,111
214,15,15,215.0,20.0,169,5629,287,118
227,23,16,225.0,20.0,174,8530,289,115
222,15,16,225.0,20.0,177,5637,370,193
226,18,16,225.0,20.0,178,6724,288,110
226,15,16,225.0,20.0,181,5641,298,117
226,16,16,225.0,20.0,180,6002,337,157
223,17,16,225.0,20.0,176,6360,295,119
225,20,16,225.0,20.0,175,7445,288,113
221,23,16,225.0,20.0,168,8524,270,102
226,19,16,225.0,20.0,177,7085,331,154
221,15,16,225.0,20.0,176,5636,315,139
238,19,17,235.0,20.0,189,7097,1001,812
234,16,17,235.0,20.0,188,6010,1001,813
238,17,17,235.0,20.0,191,6375,1001,810
239,21,17,235.0,20.0,188,7820,381,193
232,17,17,235.0,20.0,185,6369,1001,816
231,17,17,235.0,20.0,184,6368,402,218
237,23,17,235.0,20.0,184,8540,296,112
233,17,17,235.0,20.0,186,6370,1001,815
236,15,17,235.0,20.0,191,5651,1001,810
233,22,17,235.0,20.0,181,8175,1001,820
249,21,18,245.0,20.0,198,7830,328,130
249,23,18,245.0,20.0,196,8552,314,118
246,20,18,245.0,20.0,196,7466,376,180
242,17,18,245.0,20.0,195,6379,395,200
246,19,18,245.0,20.0,197,7105,392,195
241,22,18,245.0,20.0,189,8183,308,119
248,15,18,245.0,20.0,203,5663,344,141
247,22,18,245.0,20.0,195,8189,308,113
244,23,18,245.0,20.0,191,8547,304,113
241,23,18,245.0,20.0,188,8544,309,121
254,15,19,255.0,20.0,209,5669,382,173
256,20,19,255.0,20.0,206,7476,395,189
251,19,19,255.0,20.0,202,7110,371,169
259,20,19,255.0,20.0,209,7479,352,143
252,24,19,255.0,20.0,198,8916,328,130
259,15,19,255.0,20.0,214,5674,401,187
253,16,19,255.0,20.0,207,6029,360,153
259,23,19,255.0,20.0,206,8562,337,131
252,19,19,255.0,20.0,203,7111,336,133
251,24,19,255.0,20.0,197,8915,341,144
267,20,20,265.0,20.0,217,7487,350,133
268,15,20,265.0,20.0,223,5683,489,266
262,22,20,265.0,20.0,210,8204,1001,791
268,24,20,265.0,20.0,214,8932,326,112
262,18,20,265.0,20.0,214,6760,334,120
266,15,20,265.0,20.0,221,5681,1001,780
269,19,20,265.0,20.0,220,7128,1001,781
264,15,20,265.0,20.0,219,5679,388,169
262,16,20,265.0,20.0,216,6038,475,259
268,20,20,265.0,20.0,218,7488,344,126
273,17,21,275.0,20.0,226,6410,377,151
271,19,21,275.0,20.0,222,7130,391,169
273,20,21,275.0,20.0,223,7493,405,182
273,24,21,275.0,20.0,219,8937,342,123
270,20,21,275.0,20.0,220,7490,1001,781
275,22,21,275.0,20.0,223,8217,368,145
272,21,21,275.0,20.0,221,7853,340,119
270,21,21,275.0,20.0,219,7851,361,142
279,18,21,275.0,20.0,231,6777,424,193
271,21,21,275.0,20.0,220,7852,367,147
287,17,22,285.0,20.0,240,6424,415,175
289,21,22,285.0,20.0,238,7870,365,127
282,24,22,285.0,20.0,228,8946,388,160
289,20,22,285.0,20.0,239,7509,367,128
281,16,22,285.0,20.0,235,6057,1001,766
288,23,22,285.0,20.0,235,8591,413,178
280,18,22,285.0,20.0,232,6778,419,187
282,16,22,285.0,20.0,236,6058,386,150
284,20,22,285.0,20.0,234,7504,482,248
288,21,22,285.0,20.0,237,7869,438,201
294,21,23,295.0,20.0,243,7875,1001,758
294,17,23,295.0,20.0,247,6431,401,154
294,16,23,295.0,20.0,248,6070,417,169
294,20,23,295.0,20.0,244,7514,468,224
292,16,23,295.0,20.0,246,6068,436,190
299,20,23,295.0,20.0,249,7519,1001,752
296,23,23,295.0,20.0,243,8599,409,166
290,23,23,295.0,20.0,237,8593,374,137
296,20,23,295.0,20.0,246,7516,380,134
290,21,23,295.0,20.0,239,7871,404,165
301,19,24,305.0,20.0,252,7160,421,169
304,24,24,305.0,20.0,250,8968,1001,751
306,18,24,305.0,20.0,258,6804,471,213
302,16,24,305.0,20.0,256,6078,474,218
305,22,24,305.0,20.0,253,8247,516,263
306,16,24,305.0,20.0,260,6082,463,203
302,22,24,305.0,20.0,250,8244,1001,751
302,17,24,305.0,20.0,255,6439,1001,746
309,16,24,305.0,20.0,263,6085,458,195
302,16,24,305.0,20.0,256,6078,1001,745
314,16,25,312.5,20.0,268,6090,449,181
311,23,25,312.5,20.0,258,8614,1001,743
314,24,25,312.5,20.0,260,8978,419,159
311,24,25,312.5,20.0,257,8975,418,161
310,18,25,312.5,20.0,262,6808,487,225
314,23,25,312.5,20.0,261,8617,426,165
314,15,25,312.5,20.0,269,5729,454,185
313,23,25,312.5,20.0,260,8616,431,171
313,21,25,312.5,20.0,262,7894,424,162
311,22,25,312.5,20.0,259,8253,446,187
67,27,26,65.0,30.0,10,9814,32,22
65,32,26,65.0,30.0,7,11617,18,11
68,26,26,65.0,30.0,12,9454,26,14
65,32,26,65.0,30.0,7,11617,35,28
68,25,26,65.0,30.0,13,9093,59,46
66,30,26,65.0,30.0,6,10896,44,38
62,30,26,65.0,30.0,2,10892,49,47
61,32,26,65.0,30.0,3,11613,53,50
60,25,26,65.0,30.0,5,9085,19,14
61,29,26,65.0,30.0,2,10530,100,98
71,28,27,75.0,30.0,13,10179,42,29
79,26,27,75.0,30.0,23,9465,1001,978
75,33,27,75.0,30.0,18,11988,41,23
73,27,27,75.0,30.0,16,9820,57,41
77,32,27,75.0,30.0,19,11629,32,13
78,26,27,75.0,30.0,22,9464,1001,979
73,32,27,75.0,30.0,15,11625,28,13
70,26,27,75.0,30.0,14,9456,70,56
71,30,27,75.0,30.0,11,10901,55,44
71,29,27,75.0,30.0,12,10540,35,23
88,30,28,85.0,30.0,28,10918,119,91
84,33,28,85.0,30.0,27,11997,55,28
85,27,28,85.0,30.0,28,9832,53,25
87,31,28,85.0,30.0,28,11278,38,10
81,28,28,85.0,30.0,23,10189,79,56
80,32,28,85.0,30.0,22,11632,47,25
82,29,28,85.0,30.0,23,10551,69,46
87,31,28,85.0,30.0,28,11278,31,3
83,30,28,85.0,30.0,23,10913,27,4
88,31,28,85.0,30.0,29,11279,59,30
94,31,29,95.0,30.0,35,11285,77,42
95,25,29,95.0,30.0,40,9120,69,29
98,34,29,95.0,30.0,42,12372,84,42
92,33,29,95.0,30.0,35,12005,86,51
99,34,29,95.0,30.0,43,12373,68,25
95,26,29,95.0,30.0,39,9481,1001,962
92,34,29,95.0,30.0,36,12366,82,46
90,30,29,95.0,30.0,30,10920,75,45
95,31,29,95.0,30.0,36,11286,56,20
90,30,29,95.0,30.0,30,10920,90,60
100,30,30,105.0,30.0,40,10930,59,19
100,25,30,105.0,30.0,45,9125,67,22
109,29,30,105.0,30.0,50,10578,90,40
105,32,30,105.0,30.0,47,11657,72,25
107,28,30,105.0,30.0,49,10215,135,86
108,31,30,105.0,30.0,49,11299,124,75
109,28,30,105.0,30.0,51,10217,97,46
102,34,30,105.0,30.0,46,12376,84,38
101,29,30,105.0,30.0,42,10570,167,125
103,27,30,105.0,30.0,46,9850,1001,955
113,31,31,115.0,30.0,54,11304,75,21
115,26,31,115.0,30.0,59,9501,84,25
118,33,31,115.0,30.0,61,12031,169,108
119,32,31,115.0,30.0,61,11671,206,145
110,34,31,115.0,30.0,54,12384,77,23
112,30,31,115.0,30.0,52,10942,104,52
114,32,31,115.0,30.0,56,11666,92,36
112,34,31,115.0,30.0,56,12386,76,20
115,32,31,115.0,30.0,57,11667,108,51
113,33,31,115.0,30.0,56,12026,103,47
123,34,32,125.0,30.0,67,12397,101,34
121,25,32,125.0,30.0,66,9146,150,84
128,33,32,125.0,30.0,71,12041,156,85
121,34,32,125.0,30.0,65,12395,96,31
122,33,32,125.0,30.0,65,12035,102,37
120,27,32,125.0,30.0,63,9867,106,43
129,31,32,125.0,30.0,70,11320,104,34
128,34,32,125.0,30.0,72,12402,147,75
127,28,32,125.0,30.0,69,10235,1001,932
122,25,32,125.0,30.0,67,9147,105,38
134,30,33,135.0,30.0,74,10964,120,46
132,31,33,135.0,30.0,73,11323,104,31
139,34,33,135.0,30.0,83,12413,115,32
134,25,33,135.0,30.0,79,9159,122,43
132,26,33,135.0,30.0,76,9518,248,172
139,27,33,135.0,30.0,82,9886,137,55
136,27,33,135.0,30.0,79,9883,145,66
138,26,33,135.0,30.0,82,9524,178,96
136,34,33,135.0,30.0,80,12410,95,15
139,26,33,135.0,30.0,83,9525,106,23
146,33,34,145.0,30.0,89,12059,114,25
141,33,34,145.0,30.0,84,12054,111,27
141,25,34,145.0,30.0,86,9166,103,17
145,29,34,145.0,30.0,86,10614,146,60
144,25,34,145.0,30.0,89,9169,112,23
145,30,34,145.0,30.0,85,10975,133,48
142,31,34,145.0,30.0,83,11333,151,68
149,31,34,145.0,30.0,90,11340,358,268
146,28,34,145.0,30.0,88,10254,134,46
146,26,34,145.0,30.0,90,9532,292,202
158,31,35,155.0,30.0,99,11349,179,80
156,31,35,155.0,30.0,97,11347,195,98
155,27,35,155.0,30.0,98,9902,214,116
150,25,35,155.0,30.0,95,9175,159,64
150,34,35,155.0,30.0,94,12424,165,71
154,34,35,155.0,30.0,98,12428,205,107
156,32,35,155.0,30.0,98,11708,178,80
150,26,35,155.0,30.0,94,9536,155,61
158,31,35,155.0,30.0,99,11349,122,23
153,34,35,155.0,30.0,97,12427,220,123
165,34,36,165.0,30.0,109,12439,141,32
165,33,36,165.0,30.0,108,12078,150,42
166,26,36,165.0,30.0,110,9552,189,79
166,28,36,165.0,30.0,108,10274,151,43
167,34,36,165.0,30.0,111,12441,1001,890
165,27,36,165.0,30.0,108,9912,185,77
161,33,36,165.0,30.0,104,12074,124,20
165,33,36,165.0,30.0,108,12078,167,59
165,34,36,165.0,30.0,109,12439,127,18
169,27,36,165.0,30.0,112,9916,157,45
170,34,37,175.0,30.0,114,12444,187,73
174,28,37,175.0,30.0,116,10282,205,89
175,28,37,175.0,30.0,117,10283,178,61
173,30,37,175.0,30.0,113,11003,1001,888
178,27,37,175.0,30.0,121,9925,174,53
171,31,37,175.0,30.0,112,11362,176,64
177,31,37,175.0,30.0,118,11368,157,39
174,27,37,175.0,30.0,117,9921,254,137
178,29,37,175.0,30.0,119,10647,216,97
170,28,37,175.0,30.0,112,10278,149,37
180,30,38,185.0,30.0,120,11010,202,82
184,26,38,185.0,30.0,128,9570,317,189
180,29,38,185.0,30.0,121,10649,201,80
184,29,38,185.0,30.0,125,10653,1001,876
180,27,38,185.0,30.0,123,9927,222,99
187,34,38,185.0,30.0,131,12461,1001,870
182,33,38,185.0,30.0,125,12095,1001,876
188,34,38,185.0,30.0,132,12462,1001,869
187,33,38,185.0,30.0,130,12100,1001,871
180,33,38,185.0,30.0,123,12093,231,108
198,25,39,195.0,30.0,143,9223,270,127
191,28,39,195.0,30.0,133,10299,1001,868
190,27,39,195.0,30.0,133,9937,1001,868
199,25,39,195.0,30.0,144,9224,258,114
191,31,39,195.0,30.0,132,11382,1001,869
190,29,39,195.0,30.0,131,10659,1001,870
194,28,39,195.0,30.0,136,10302,287,151
198,30,39,195.0,30.0,138,11028,307,169
198,33,39,195.0,30.0,141,12111,284,143
198,34,39,195.0,30.0,142,12472,294,152
203,27,40,205.0,30.0,146,9950,1001,855
204,30,40,205.0,30.0,144,11034,321,177
205,33,40,205.0,30.0,148,12118,294,146
200,32,40,205.0,30.0,142,11752,315,173
200,25,40,205.0,30.0,145,9225,253,108
207,34,40,205.0,30.0,151,12481,327,176
204,31,40,205.0,30.0,145,11395,305,160
209,26,40,205.0,30.0,153,9595,332,179
201,32,40,205.0,30.0,143,11753,314,171
200,30,40,205.0,30.0,140,11030,288,148
212,30,41,215.0,30.0,152,11042,342,190
219,29,41,215.0,30.0,160,10688,378,218
217,33,41,215.0,30.0,160,12130,305,145
211,29,41,215.0,30.0,152,10680,285,133
218,33,41,215.0,30.0,161,12131,327,166
219,33,41,215.0,30.0,162,12132,352,190
217,27,41,215.0,30.0,160,9964,300,140
211,27,41,215.0,30.0,154,9958,286,132
214,25,41,215.0,30.0,159,9239,270,111
217,28,41,215.0,30.0,159,10325,308,149
220,32,42,225.0,30.0,162,11772,356,194
227,26,42,225.0,30.0,171,9613,301,130
221,30,42,225.0,30.0,161,11051,1001,840
225,34,42,225.0,30.0,169,12499,333,164
224,30,42,225.0,30.0,164,11054,299,135
227,31,42,225.0,30.0,168,11418,1001,833
227,32,42,225.0,30.0,169,11779,385,216
226,33,42,225.0,30.0,169,12139,365,196
222,28,42,225.0,30.0,164,10330,332,168
222,30,42,225.0,30.0,162,11052,345,183
237,27,43,235.0,30.0,180,9984,1001,821
231,34,43,235.0,30.0,175,12505,309,134
234,26,43,235.0,30.0,178,9620,1001,823
238,30,43,235.0,30.0,178,11068,1001,823
236,34,43,235.0,30.0,180,12510,323,143
237,31,43,235.0,30.0,178,11428,372,194
235,27,43,235.0,30.0,178,9982,1001,823
230,30,43,235.0,30.0,170,11060,330,160
239,32,43,235.0,30.0,181,11791,1001,820
232,26,43,235.0,30.0,176,9618,326,150
248,30,44,245.0,30.0,188,11078,1001,813
247,29,44,245.0,30.0,188,10716,318,130
246,33,44,245.0,30.0,189,12159,372,183
243,30,44,245.0,30.0,183,11073,389,206
246,33,44,245.0,30.0,189,12159,374,185
242,29,44,245.0,30.0,183,10711,1001,818
241,33,44,245.0,30.0,184,12154,333,149
240,26,44,245.0,30.0,184,9626,343,159
241,26,44,245.0,30.0,185,9627,1001,816
248,29,44,245.0,30.0,189,10717,328,139
258,34,45,255.0,30.0,202,12532,370,168
251,25,45,255.0,30.0,196,9276,314,118
258,27,45,255.0,30.0,201,10005,336,135
252,28,45,255.0,30.0,194,10360,369,175
259,32,45,255.0,30.0,201,11811,353,152
252,33,45,255.0,30.0,195,12165,343,148
254,27,45,255.0,30.0,197,10001,359,162
257,28,45,255.0,30.0,199,10365,337,138
254,28,45,255.0,30.0,196,10362,338,142
253,25,45,255.0,30.0,198,9278,323,125
267,33,46,265.0,30.0,210,12180,350,140
264,34,46,265.0,30.0,208,12538,1001,793
263,33,46,265.0,30.0,206,12176,1001,795
260,26,46,265.0,30.0,204,9646,353,149
268,32,46,265.0,30.0,210,11820,361,151
267,28,46,265.0,30.0,209,10375,340,131
265,25,46,265.0,30.0,210,9290,340,130
262,28,46,265.0,30.0,204,10370,365,161
264,25,46,265.0,30.0,209,9289,338,129
265,28,46,265.0,30.0,207,10373,348,141
279,29,47,275.0,30.0,220,10748,389,169
273,27,47,275.0,30.0,216,10020,342,126
271,32,47,275.0,30.0,213,11823,1001,788
276,27,47,275.0,30.0,219,10023,388,169
271,32,47,275.0,30.0,213,11823,379,166
271,29,47,275.0,30.0,212,10740,353,141
271,33,47,275.0,30.0,214,12184,376,162
272,27,47,275.0,30.0,215,10019,380,165
277,30,47,275.0,30.0,217,11107,385,168
271,26,47,275.0,30.0,215,9657,431,216
283,31,48,285.0,30.0,224,11474,368,144
289,28,48,285.0,30.0,231,10397,395,164
285,25,48,285.0,30.0,230,9310,352,122
287,30,48,285.0,30.0,227,11117,363,136
289,33,48,285.0,30.0,232,12202,378,146
284,30,48,285.0,30.0,224,11114,369,145
287,32,48,285.0,30.0,229,11839,383,154
282,33,48,285.0,30.0,225,12195,384,159
281,29,48,285.0,30.0,222,10750,443,221
281,33,48,285.0,30.0,224,12194,1001,777
291,25,49,295.0,30.0,236,9316,352,116
292,31,49,295.0,30.0,233,11483,418,185
290,32,49,295.0,30.0,232,11842,382,150
299,27,49,295.0,30.0,242,10046,429,187
295,31,49,295.0,30.0,236,11486,391,155
298,28,49,295.0,30.0,240,10406,398,158
292,34,49,295.0,30.0,236,12566,410,174
296,25,49,295.0,30.0,241,9321,379,138
293,31,49,295.0,30.0,234,11484,402,168
293,33,49,295.0,30.0,236,12206,430,194
308,32,50,305.0,30.0,250,11860,1001,751
306,26,50,305.0,30.0,250,9692,1001,751
305,32,50,305.0,30.0,247,11857,440,193
302,28,50,305.0,30.0,244,10410,1001,757
309,27,50,305.0,30.0,252,10056,1001,749
306,33,50,305.0,30.0,249,12219,1001,752
305,29,50,305.0,30.0,246,10774,407,161
303,26,50,305.0,30.0,247,9689,1001,754
309,27,50,305.0,30.0,252,10056,1001,749
303,32,50,305.0,30.0,245,11855,1001,756
314,28,51,312.5,30.0,256,10422,428,172
314,28,51,312.5,30.0,256,10422,431,175
311,30,51,312.5,30.0,251,11141,423,172
312,26,51,312.5,30.0,256,9698,439,183
313,26,51,312.5,30.0,257,9699,496,239
313,26,51,312.5,30.0,257,9699,428,171
313,28,51,312.5,30.0,255,10421,423,168
311,26,51,312.5,30.0,255,9697,424,169
314,30,51,312.5,30.0,254,11144,421,167
313,30,51,312.5,30.0,253,11143,441,188
64,39,52,65.0,40.0,13,14143,16,3
61,40,52,65.0,40.0,11,14501,67,56
68,43,52,65.0,40.0,21,15591,117,96
63,44,52,65.0,40.0,17,15947,125,108
61,37,52,65.0,40.0,8,13418,62,54
67,37,52,65.0,40.0,14,13424,26,12
64,36,52,65.0,40.0,10,13060,13,3
65,44,52,65.0,40.0,19,15949,86,67
68,44,52,65.0,40.0,22,15952,76,54
60,44,52,65.0,40.0,14,15944,1001,987
75,41,53,75.0,40.0,26,14876,94,68
70,38,53,75.0,40.0,18,13788,76,58
78,40,53,75.0,40.0,28,14518,74,46
73,38,53,75.0,40.0,21,13791,51,30
76,43,53,75.0,40.0,29,15599,106,77
74,39,53,75.0,40.0,23,14153,27,4
71,37,53,75.0,40.0,18,13428,83,65
70,42,53,75.0,40.0,22,15232,88,66
79,36,53,75.0,40.0,25,13075,68,43
74,38,53,75.0,40.0,22,13792,44,22
88,41,54,85.0,40.0,39,14889,90,51
82,44,54,85.0,40.0,36,15966,81,45
88,38,54,85.0,40.0,36,13806,63,27
87,41,54,85.0,40.0,38,14888,96,58
86,43,54,85.0,40.0,39,15609,99,60
83,36,54,85.0,40.0,29,13079,89,60
89,43,54,85.0,40.0,42,15612,124,82
82,35,54,85.0,40.0,27,12717,38,11
89,42,54,85.0,40.0,41,15251,120,79
81,37,54,85.0,40.0,28,13438,55,27
98,42,55,95.0,40.0,50,15260,128,78
93,44,55,95.0,40.0,47,15977,110,63
93,38,55,95.0,40.0,41,13811,59,18
92,37,55,95.0,40.0,39,13449,66,27
95,40,55,95.0,40.0,45,14535,107,62
99,39,55,95.0,40.0,48,14178,65,17
99,44,55,95.0,40.0,53,15983,123,70
99,37,55,95.0,40.0,46,13456,55,9
90,40,55,95.0,40.0,40,14530,1001,961
90,42,55,95.0,40.0,42,15252,73,31
104,35,56,105.0,40.0,49,12739,62,13
104,37,56,105.0,40.0,51,13461,58,7
103,44,56,105.0,40.0,57,15987,1001,944
106,44,56,105.0,40.0,60,15990,125,65
104,41,56,105.0,40.0,55,14905,106,51
104,41,56,105.0,40.0,55,14905,89,34
101,41,56,105.0,40.0,52,14902,115,63
104,39,56,105.0,40.0,53,14183,58,5
104,38,56,105.0,40.0,52,13822,79,27
107,39,56,105.0,40.0,56,14186,105,49
111,35,57,115.0,40.0,56,12746,69,13
119,43,57,115.0,40.0,72,15642,132,60
114,36,57,115.0,40.0,60,13110,81,21
115,37,57,115.0,40.0,62,13472,71,9
110,36,57,115.0,40.0,56,13106,71,15
117,40,57,115.0,40.0,67,14557,95,28
111,40,57,115.0,40.0,61,14551,65,4
114,36,57,115.0,40.0,60,13110,79,19
113,42,57,115.0,40.0,65,15275,150,85
112,35,57,115.0,40.0,57,12747,75,18
129,42,58,125.0,40.0,81,15291,151,70
126,37,58,125.0,40.0,73,13483,88,15
120,44,58,125.0,40.0,74,16004,128,54
125,41,58,125.0,40.0,76,14926,85,9
124,41,58,125.0,40.0,75,14925,101,26
129,36,58,125.0,40.0,75,13125,99,24
126,35,58,125.0,40.0,71,12761,81,10
123,43,58,125.0,40.0,76,15646,157,81
122,44,58,125.0,40.0,76,16006,165,89
121,37,58,125.0,40.0,68,13478,101,33
136,36,59,135.0,40.0,82,13132,94,12
133,38,59,135.0,40.0,81,13851,110,29
134,43,59,135.0,40.0,87,15657,211,124
132,40,59,135.0,40.0,82,14572,189,107
130,42,59,135.0,40.0,82,15292,147,65
132,36,59,135.0,40.0,78,13128,90,12
135,42,59,135.0,40.0,87,15297,177,90
132,35,59,135.0,40.0,77,12767,107,30
137,39,59,135.0,40.0,86,14216,115,29
130,43,59,135.0,40.0,83,15653,152,69
144,36,60,145.0,40.0,90,13140,101,11
147,37,60,145.0,40.0,94,13504,144,50
144,37,60,145.0,40.0,91,13501,104,13
145,39,60,145.0,40.0,94,14224,211,117
145,37,60,145.0,40.0,92,13502,104,12
140,38,60,145.0,40.0,88,13858,127,39
142,37,60,145.0,40.0,89,13499,109,20
140,40,60,145.0,40.0,90,14580,168,78
145,43,60,145.0,40.0,98,15668,151,53
146,38,60,145.0,40.0,94,13864,112,18
153,41,61,155.0,40.0,104,14954,218,114
156,43,61,155.0,40.0,109,15679,149,40
151,39,61,155.0,40.0,100,14230,203,103
154,41,61,155.0,40.0,105,14955,1001,896
153,40,61,155.0,40.0,103,14593,182,79
156,41,61,155.0,40.0,107,14957,133,26
153,38,61,155.0,40.0,101,13871,113,12
153,40,61,155.0,40.0,103,14593,133,30
155,44,61,155.0,40.0,109,16039,186,77
150,35,61,155.0,40.0,95,12785,105,10
168,41,62,165.0,40.0,119,14969,213,94
167,43,62,165.0,40.0,120,15690,168,48
164,42,62,165.0,40.0,116,15326,1001,885
161,44,62,165.0,40.0,115,16045,200,85
167,42,62,165.0,40.0,119,15329,191,72
167,35,62,165.0,40.0,112,12802,128,16
164,41,62,165.0,40.0,115,14965,189,74
162,36,62,165.0,40.0,108,13158,119,11
160,39,62,165.0,40.0,109,14239,127,18
161,38,62,165.0,40.0,109,13879,138,29
176,42,63,175.0,40.0,128,15338,200,72
172,35,63,175.0,40.0,117,12807,138,21
175,38,63,175.0,40.0,123,13893,194,71
178,41,63,175.0,40.0,129,14979,274,145
177,39,63,175.0,40.0,126,14256,205,79
175,38,63,175.0,40.0,123,13893,149,26
173,39,63,175.0,40.0,122,14252,159,37
174,35,63,175.0,40.0,119,12809,148,29
173,42,63,175.0,40.0,125,15335,210,85
177,39,63,175.0,40.0,126,14256,204,78
188,42,64,185.0,40.0,140,15350,1001,861
185,35,64,185.0,40.0,130,12820,1001,871
183,42,64,185.0,40.0,135,15345,1001,866
182,43,64,185.0,40.0,135,15705,1001,866
184,41,64,185.0,40.0,135,14985,1001,866
182,42,64,185.0,40.0,134,15344,1001,867
182,43,64,185.0,40.0,135,15705,1001,866
189,40,64,185.0,40.0,139,14629,1001,862
182,36,64,185.0,40.0,128,13178,1001,873
188,35,64,185.0,40.0,133,12823,1001,868
197,43,65,195.0,40.0,150,15720,308,158
195,39,65,195.0,40.0,144,14274,294,150
193,41,65,195.0,40.0,144,14994,1001,857
194,36,65,195.0,40.0,140,13190,287,147
195,41,65,195.0,40.0,146,14996,283,137
196,43,65,195.0,40.0,149,15719,292,143
198,40,65,195.0,40.0,148,14638,316,168
194,42,65,195.0,40.0,146,15356,300,154
191,36,65,195.0,40.0,137,13187,1001,864
195,44,65,195.0,40.0,149,16079,284,135
205,38,66,205.0,40.0,153,13923,336,183
202,41,66,205.0,40.0,153,15003,303,150
201,37,66,205.0,40.0,148,13558,283,135
207,35,66,205.0,40.0,152,12842,294,142
205,40,66,205.0,40.0,155,14645,377,222
206,41,66,205.0,40.0,157,15007,302,145
202,40,66,205.0,40.0,152,14642,303,151
209,35,66,205.0,40.0,154,12844,329,175
202,38,66,205.0,40.0,150,13920,303,153
203,41,66,205.0,40.0,154,15004,305,151
216,37,67,215.0,40.0,163,13573,337,174
210,35,67,215.0,40.0,155,12845,291,136
213,38,67,215.0,40.0,161,13931,338,177
211,41,67,215.0,40.0,162,15012,1001,839
215,41,67,215.0,40.0,166,15016,321,155
214,41,67,215.0,40.0,165,15015,313,148
215,42,67,215.0,40.0,167,15377,353,186
210,44,67,215.0,40.0,164,16094,348,184
214,44,67,215.0,40.0,168,16098,319,151
215,41,67,215.0,40.0,166,15016,432,266
224,38,68,225.0,40.0,172,13942,311,139
220,44,68,225.0,40.0,174,16104,301,127
225,42,68,225.0,40.0,177,15387,325,148
228,43,68,225.0,40.0,181,15751,398,217
225,36,68,225.0,40.0,171,13221,380,209
223,40,68,225.0,40.0,173,14663,386,213
228,43,68,225.0,40.0,181,15751,1001,820
228,43,68,225.0,40.0,181,15751,331,150
221,37,68,225.0,40.0,168,13578,339,171
229,37,68,225.0,40.0,176,13586,403,227
234,41,69,235.0,40.0,185,15035,342,157
238,35,69,235.0,40.0,183,12873,402,219
236,42,69,235.0,40.0,188,15398,408,220
237,39,69,235.0,40.0,186,14316,397,211
237,41,69,235.0,40.0,188,15038,371,183
232,39,69,235.0,40.0,181,14311,318,137
235,42,69,235.0,40.0,187,15397,324,137
237,39,69,235.0,40.0,186,14316,323,137
230,41,69,235.0,40.0,181,15031,371,190
236,39,69,235.0,40.0,185,14315,1001,816
240,44,70,245.0,40.0,194,16124,323,129
248,38,70,245.0,40.0,196,13966,341,145
242,42,70,245.0,40.0,194,15404,373,179
240,42,70,245.0,40.0,192,15402,412,220
240,43,70,245.0,40.0,193,15763,329,136
247,44,70,245.0,40.0,201,16131,331,130
244,40,70,245.0,40.0,194,14684,339,145
245,35,70,245.0,40.0,190,12880,316,126
243,38,70,245.0,40.0,191,13961,361,170
241,35,70,245.0,40.0,186,12876,364,178
254,38,71,255.0,40.0,202,13972,431,229
254,38,71,255.0,40.0,202,13972,388,186
252,42,71,255.0,40.0,204,15414,408,204
259,41,71,255.0,40.0,210,15060,407,197
256,36,71,255.0,40.0,202,13252,359,157
256,37,71,255.0,40.0,203,13613,349,146
257,36,71,255.0,40.0,203,13253,1001,798
250,41,71,255.0,40.0,201,15051,462,261
257,43,71,255.0,40.0,210,15780,389,179
259,38,71,255.0,40.0,207,13977,1001,794
269,40,72,265.0,40.0,219,14709,380,161
264,37,72,265.0,40.0,211,13621,346,135
260,42,72,265.0,40.0,212,15422,350,138
260,40,72,265.0,40.0,210,14700,386,176
265,36,72,265.0,40.0,211,13261,366,155
262,42,72,265.0,40.0,214,15424,392,178
260,37,72,265.0,40.0,207,13617,345,138
267,43,72,265.0,40.0,220,15790,374,154
268,37,72,265.0,40.0,215,13625,435,220
260,38,72,265.0,40.0,208,13978,375,167
275,41,73,275.0,40.0,226,15076,364,138
271,36,73,275.0,40.0,217,13267,496,279
275,41,73,275.0,40.0,226,15076,436,210
279,43,73,275.0,40.0,232,15802,430,198
270,42,73,275.0,40.0,222,15432,423,201
271,35,73,275.0,40.0,216,12906,1001,785
271,43,73,275.0,40.0,224,15794,357,133
272,35,73,275.0,40.0,217,12907,371,154
279,36,73,275.0,40.0,225,13275,1001,776
278,40,73,275.0,40.0,228,14718,395,167
282,43,74,285.0,40.0,235,15805,433,198
281,38,74,285.0,40.0,229,13999,358,129
287,37,74,285.0,40.0,234,13644,501,267
289,44,74,285.0,40.0,243,16173,377,134
284,40,74,285.0,40.0,234,14724,403,169
284,35,74,285.0,40.0,229,12919,402,173
289,36,74,285.0,40.0,235,13285,369,134
284,42,74,285.0,40.0,236,15446,378,142
281,36,74,285.0,40.0,227,13277,484,257
281,36,74,285.0,40.0,227,13277,419,192
293,38,75,295.0,40.0,241,14011,395,154
291,41,75,295.0,40.0,242,15092,386,144
296,36,75,295.0,40.0,242,13292,461,219
297,41,75,295.0,40.0,248,15098,388,140
292,42,75,295.0,40.0,244,15454,381,137
297,36,75,295.0,40.0,243,13293,376,133
293,42,75,295.0,40.0,245,15455,390,145
290,37,75,295.0,40.0,237,13647,1001,764
290,35,75,295.0,40.0,235,12925,391,156
291,42,75,295.0,40.0,243,15453,414,171
302,44,76,305.0,40.0,256,16186,418,162
306,42,76,305.0,40.0,258,15468,396,138
306,43,76,305.0,40.0,259,15829,405,146
303,44,76,305.0,40.0,257,16187,389,132
306,44,76,305.0,40.0,260,16190,421,161
307,43,76,305.0,40.0,260,15830,410,150
304,37,76,305.0,40.0,251,13661,1001,750
307,41,76,305.0,40.0,258,15108,400,142
304,38,76,305.0,40.0,252,14022,414,162
305,37,76,305.0,40.0,252,13662,1001,749
311,42,77,312.5,40.0,263,15473,424,161
312,40,77,312.5,40.0,262,14752,411,149
310,38,77,312.5,40.0,258,14028,450,192
311,35,77,312.5,40.0,256,12946,1001,745
310,44,77,312.5,40.0,264,16194,411,147
310,40,77,312.5,40.0,260,14750,496,236
314,40,77,312.5,40.0,264,14754,460,196
310,37,77,312.5,40.0,257,13667,432,175
310,36,77,312.5,40.0,256,13306,1001,745
312,41,77,312.5,40.0,263,15113,402,139
