x,y,cell,cell_x,cell_y,opt_traj,point_id,steps_taken,extra_steps
69,20,0,65.0,20.0,19,7289,62,43
66,21,0,65.0,20.0,15,7647,71,56
64,24,0,65.0,20.0,10,8728,58,48
63,18,0,65.0,20.0,15,6561,236,221
68,17,0,65.0,20.0,21,6205,120,99
62,19,0,65.0,20.0,13,6921,114,101
69,18,0,65.0,20.0,21,6567,128,107
66,15,0,65.0,20.0,21,5481,108,87
60,16,0,65.0,20.0,14,5836,95,81
68,17,0,65.0,20.0,21,6205,116,95
71,17,1,75.0,20.0,24,6208,118,94
75,24,1,75.0,20.0,21,8739,43,22
73,24,1,75.0,20.0,19,8737,42,23
71,23,1,75.0,20.0,18,8374,33,15
74,18,1,75.0,20.0,26,6572,42,16
71,15,1,75.0,20.0,26,5486,107,81
76,15,1,75.0,20.0,31,5491,112,81
71,21,1,75.0,20.0,20,7652,57,37
79,20,1,75.0,20.0,29,7299,54,25
77,19,1,75.0,20.0,28,6936,62,34
81,20,2,85.0,20.0,31,7301,61,30
89,18,2,85.0,20.0,41,6587,58,17
89,17,2,85.0,20.0,42,6226,92,50
80,15,2,85.0,20.0,35,5495,116,81
83,16,2,85.0,20.0,37,5859,176,139
88,16,2,85.0,20.0,42,5864,61,19
82,19,2,85.0,20.0,33,6941,75,42
86,20,2,85.0,20.0,36,7306,63,27
82,23,2,85.0,20.0,29,8385,44,15
83,22,2,85.0,20.0,31,8025,56,25
99,22,3,95.0,20.0,47,8041,65,18
91,19,3,95.0,20.0,42,6950,76,34
95,16,3,95.0,20.0,49,5871,149,100
96,15,3,95.0,20.0,51,5511,139,88
99,18,3,95.0,20.0,51,6597,112,61
98,21,3,95.0,20.0,47,7679,83,36
93,21,3,95.0,20.0,42,7674,76,34
90,24,3,95.0,20.0,36,8754,57,21
93,23,3,95.0,20.0,40,8396,62,22
95,22,3,95.0,20.0,43,8037,77,34
107,24,4,105.0,20.0,53,8771,71,18
102,24,4,105.0,20.0,48,8766,74,26
109,18,4,105.0,20.0,61,6607,95,34
106,21,4,105.0,20.0,55,7687,123,68
109,17,4,105.0,20.0,62,6246,83,21
103,24,4,105.0,20.0,49,8767,68,19
106,18,4,105.0,20.0,58,6604,116,58
106,19,4,105.0,20.0,57,6965,104,47
103,19,4,105.0,20.0,54,6962,109,55
107,19,4,105.0,20.0,58,6966,83,25
119,16,5,115.0,20.0,73,5895,158,85
119,18,5,115.0,20.0,71,6617,110,39
116,21,5,115.0,20.0,65,7697,117,52
112,15,5,115.0,20.0,67,5527,154,87
115,15,5,115.0,20.0,70,5530,133,63
110,23,5,115.0,20.0,57,8413,90,33
112,19,5,115.0,20.0,63,6971,85,22
111,15,5,115.0,20.0,66,5526,151,85
115,24,5,115.0,20.0,61,8779,83,22
117,20,5,115.0,20.0,67,7337,110,43
128,15,6,125.0,20.0,83,5543,168,85
124,18,6,125.0,20.0,76,6622,110,34
124,20,6,125.0,20.0,74,7344,126,52
124,17,6,125.0,20.0,77,6261,198,121
129,23,6,125.0,20.0,76,8432,127,51
120,21,6,125.0,20.0,69,7701,109,40
126,15,6,125.0,20.0,81,5541,144,63
127,23,6,125.0,20.0,74,8430,248,174
128,22,6,125.0,20.0,76,8070,147,71
129,22,6,125.0,20.0,77,8071,108,31
132,21,7,135.0,20.0,81,7713,116,35
131,18,7,135.0,20.0,83,6629,124,41
130,23,7,135.0,20.0,77,8433,133,56
134,17,7,135.0,20.0,87,6271,109,22
135,22,7,135.0,20.0,83,8077,116,33
137,22,7,135.0,20.0,85,8079,123,38
137,15,7,135.0,20.0,92,5552,174,82
136,24,7,135.0,20.0,82,8800,104,22
130,21,7,135.0,20.0,79,7711,114,35
139,19,7,135.0,20.0,90,6998,127,37
141,16,8,145.0,20.0,95,5917,177,82
141,15,8,145.0,20.0,96,5556,178,82
140,23,8,145.0,20.0,87,8443,104,17
143,16,8,145.0,20.0,97,5919,150,53
141,16,8,145.0,20.0,95,5917,183,88
147,20,8,145.0,20.0,97,7367,193,96
141,19,8,145.0,20.0,92,7000,144,52
148,23,8,145.0,20.0,95,8451,218,123
144,21,8,145.0,20.0,93,7725,146,53
149,20,8,145.0,20.0,99,7369,201,102
155,19,9,155.0,20.0,106,7014,132,26
156,16,9,155.0,20.0,110,5932,206,96
159,20,9,155.0,20.0,109,7379,133,24
152,19,9,155.0,20.0,103,7011,129,26
156,23,9,155.0,20.0,103,8459,164,61
158,15,9,155.0,20.0,113,5573,201,88
151,20,9,155.0,20.0,101,7371,143,42
158,22,9,155.0,20.0,106,8100,164,58
156,16,9,155.0,20.0,110,5932,193,83
151,19,9,155.0,20.0,102,7010,144,42
160,20,10,165.0,20.0,110,7380,156,46
163,20,10,165.0,20.0,113,7383,160,47
168,16,10,165.0,20.0,122,5944,208,86
169,20,10,165.0,20.0,119,7389,144,25
164,24,10,165.0,20.0,110,8828,158,48
164,23,10,165.0,20.0,111,8467,224,113
166,18,10,165.0,20.0,118,6664,164,46
161,24,10,165.0,20.0,107,8825,140,33
168,15,10,165.0,20.0,123,5583,218,95
164,24,10,165.0,20.0,110,8828,195,85
178,22,11,175.0,20.0,126,8120,213,87
178,20,11,175.0,20.0,128,7398,259,131
178,19,11,175.0,20.0,129,7037,256,127
171,15,11,175.0,20.0,126,5586,215,89
178,24,11,175.0,20.0,124,8842,202,78
174,16,11,175.0,20.0,128,5950,174,46
177,22,11,175.0,20.0,125,8119,273,148
175,22,11,175.0,20.0,123,8117,180,57
179,24,11,175.0,20.0,125,8843,236,111
174,16,11,175.0,20.0,128,5950,224,96
186,16,12,185.0,20.0,140,5962,243,103
182,19,12,185.0,20.0,133,7041,1001,868
180,23,12,185.0,20.0,127,8483,159,32
186,20,12,185.0,20.0,136,7406,1001,865
183,18,12,185.0,20.0,135,6681,1001,866
180,24,12,185.0,20.0,126,8844,184,58
188,16,12,185.0,20.0,142,5964,230,88
186,15,12,185.0,20.0,141,5601,231,90
184,20,12,185.0,20.0,134,7404,1001,867
185,24,12,185.0,20.0,131,8849,260,129
192,19,13,195.0,20.0,143,7051,1001,858
192,24,13,195.0,20.0,138,8856,248,110
191,17,13,195.0,20.0,144,6328,238,94
195,15,13,195.0,20.0,150,5610,237,87
190,21,13,195.0,20.0,139,7771,274,135
193,24,13,195.0,20.0,139,8857,251,112
193,22,13,195.0,20.0,141,8135,264,123
192,21,13,195.0,20.0,141,7773,250,109
192,16,13,195.0,20.0,146,5968,248,102
196,16,13,195.0,20.0,150,5972,257,107
207,22,14,205.0,20.0,155,8149,284,129
203,16,14,205.0,20.0,157,5979,246,89
203,18,14,205.0,20.0,155,6701,251,96
203,18,14,205.0,20.0,155,6701,264,109
207,16,14,205.0,20.0,161,5983,246,85
209,15,14,205.0,20.0,164,5624,254,90
206,15,14,205.0,20.0,161,5621,248,87
204,22,14,205.0,20.0,152,8146,264,112
206,17,14,205.0,20.0,159,6343,318,159
205,23,14,205.0,20.0,152,8508,282,130
213,24,15,215.0,20.0,159,8877,269,110
219,16,15,215.0,20.0,173,5995,689,516
210,16,15,215.0,20.0,164,5986,698,534
212,19,15,215.0,20.0,163,7071,275,112
218,24,15,215.0,20.0,164,8882,275,111
215,20,15,215.0,20.0,165,7435,288,123
211,22,15,215.0,20.0,159,8153,283,124
213,22,15,215.0,20.0,161,8155,290,129
219,23,15,215.0,20.0,166,8522,279,113
210,18,15,215.0,20.0,162,6708,723,561
227,22,16,225.0,20.0,175,8169,300,125
225,18,16,225.0,20.0,177,6723,719,542
229,21,16,225.0,20.0,178,7810,293,115
222,19,16,225.0,20.0,173,7081,367,194
223,24,16,225.0,20.0,169,8887,285,116
221,24,16,225.0,20.0,167,8885,293,126
221,18,16,225.0,20.0,173,6719,290,117
228,21,16,225.0,20.0,177,7809,439,262
222,16,16,225.0,20.0,176,5998,300,124
228,15,16,225.0,20.0,183,5643,1001,818
232,17,17,235.0,20.0,185,6369,401,216
237,20,17,235.0,20.0,187,7457,1001,814
234,20,17,235.0,20.0,184,7454,307,123
239,23,17,235.0,20.0,186,8542,308,122
239,17,17,235.0,20.0,192,6376,413,221
236,24,17,235.0,20.0,182,8900,322,140
235,24,17,235.0,20.0,181,8899,315,134
238,23,17,235.0,20.0,185,8541,302,117
236,15,17,235.0,20.0,191,5651,1001,810
233,22,17,235.0,20.0,181,8175,1001,820
246,16,18,245.0,20.0,200,6022,430,230
242,15,18,245.0,20.0,197,5657,418,221
244,16,18,245.0,20.0,198,6020,427,229
241,18,18,245.0,20.0,193,6739,420,227
241,19,18,245.0,20.0,192,7100,317,125
244,23,18,245.0,20.0,191,8547,303,112
243,16,18,245.0,20.0,197,6019,438,241
244,21,18,245.0,20.0,193,7825,314,121
244,19,18,245.0,20.0,195,7103,387,192
244,17,18,245.0,20.0,197,6381,428,231
251,22,19,255.0,20.0,199,8193,324,125
250,18,19,255.0,20.0,202,6748,424,222
256,21,19,255.0,20.0,205,7837,339,134
254,17,19,255.0,20.0,207,6391,411,204
250,15,19,255.0,20.0,205,5665,425,220
258,24,19,255.0,20.0,204,8922,327,123
253,16,19,255.0,20.0,207,6029,437,230
255,17,19,255.0,20.0,208,6392,402,194
255,21,19,255.0,20.0,204,7836,339,135
258,15,19,255.0,20.0,213,5673,457,244
260,19,20,265.0,20.0,211,7119,371,160
260,16,20,265.0,20.0,214,6036,409,195
263,18,20,265.0,20.0,215,6761,402,187
268,23,20,265.0,20.0,215,8571,365,150
265,17,20,265.0,20.0,218,6402,336,118
268,17,20,265.0,20.0,221,6405,400,179
263,23,20,265.0,20.0,210,8566,338,128
261,20,20,265.0,20.0,211,7481,369,158
264,20,20,265.0,20.0,214,7484,389,175
261,18,20,265.0,20.0,213,6759,371,158
279,19,21,275.0,20.0,230,7138,391,161
275,16,21,275.0,20.0,229,6051,458,229
275,18,21,275.0,20.0,227,6773,408,181
274,23,21,275.0,20.0,221,8577,502,281
277,23,21,275.0,20.0,224,8580,376,152
276,22,21,275.0,20.0,224,8218,353,129
272,18,21,275.0,20.0,224,6770,412,188
272,18,21,275.0,20.0,224,6770,405,181
271,21,21,275.0,20.0,220,7852,353,133
274,16,21,275.0,20.0,228,6050,395,167
284,17,22,285.0,20.0,237,6421,395,158
284,21,22,285.0,20.0,233,7865,354,121
284,18,22,285.0,20.0,236,6782,416,180
281,21,22,285.0,20.0,230,7862,405,175
286,20,22,285.0,20.0,236,7506,445,209
289,18,22,285.0,20.0,241,6787,414,173
281,18,22,285.0,20.0,233,6779,390,157
289,15,22,285.0,20.0,244,5704,468,224
286,15,22,285.0,20.0,241,5701,495,254
287,24,22,285.0,20.0,233,8951,365,132
293,21,23,295.0,20.0,242,7874,1001,759
292,23,23,295.0,20.0,239,8595,357,118
290,17,23,295.0,20.0,243,6427,420,177
294,19,23,295.0,20.0,245,7153,412,167
293,23,23,295.0,20.0,240,8596,414,174
292,16,23,295.0,20.0,246,6068,464,218
290,20,23,295.0,20.0,240,7510,414,174
294,16,23,295.0,20.0,248,6070,422,174
290,15,23,295.0,20.0,245,5705,474,229
296,16,23,295.0,20.0,250,6072,509,259
305,19,24,305.0,20.0,256,7164,448,192
307,21,24,305.0,20.0,256,7888,507,251
309,16,24,305.0,20.0,263,6085,458,195
300,18,24,305.0,20.0,252,6798,481,229
300,21,24,305.0,20.0,249,7881,464,215
300,20,24,305.0,20.0,250,7520,412,162
307,18,24,305.0,20.0,259,6805,446,187
309,20,24,305.0,20.0,259,7529,422,163
307,15,24,305.0,20.0,262,5722,486,224
305,18,24,305.0,20.0,257,6803,439,182
312,17,25,312.5,20.0,265,6449,444,179
313,16,25,312.5,20.0,267,6089,502,235
310,21,25,312.5,20.0,259,7891,1001,742
312,22,25,312.5,20.0,260,8254,445,185
313,18,25,312.5,20.0,265,6811,441,176
310,18,25,312.5,20.0,262,6808,431,169
312,23,25,312.5,20.0,259,8615,448,189
313,17,25,312.5,20.0,266,6450,466,200
310,15,25,312.5,20.0,265,5725,494,229
310,15,25,312.5,20.0,265,5725,489,224
68,29,26,65.0,30.0,9,10537,52,43
69,32,26,65.0,30.0,11,11621,51,40
63,25,26,65.0,30.0,8,9088,23,15
66,26,26,65.0,30.0,10,9452,50,40
66,26,26,65.0,30.0,10,9452,38,28
62,30,26,65.0,30.0,2,10892,52,50
69,27,26,65.0,30.0,12,9816,52,40
60,29,26,65.0,30.0,1,10529,15,14
67,29,26,65.0,30.0,8,10536,41,33
60,33,26,65.0,30.0,3,11973,4,1
71,28,27,75.0,30.0,13,10179,45,32
77,31,27,75.0,30.0,18,11268,58,40
71,25,27,75.0,30.0,16,9096,31,15
77,25,27,75.0,30.0,22,9102,37,15
73,34,27,75.0,30.0,17,12347,35,18
70,32,27,75.0,30.0,12,11622,33,21
79,29,27,75.0,30.0,20,10548,63,43
79,25,27,75.0,30.0,24,9104,48,24
72,30,27,75.0,30.0,12,10902,17,5
71,26,27,75.0,30.0,15,9457,41,26
88,30,28,85.0,30.0,28,10918,57,29
88,27,28,85.0,30.0,31,9835,59,28
89,32,28,85.0,30.0,31,11641,73,42
88,29,28,85.0,30.0,29,10557,77,48
80,28,28,85.0,30.0,22,10188,58,36
82,34,28,85.0,30.0,26,12356,35,9
89,26,28,85.0,30.0,33,9475,50,17
84,30,28,85.0,30.0,24,10914,58,34
88,27,28,85.0,30.0,31,9835,58,27
89,32,28,85.0,30.0,31,11641,51,20
93,34,29,95.0,30.0,37,12367,40,3
99,27,29,95.0,30.0,42,9846,99,57
92,26,29,95.0,30.0,36,9478,68,32
98,25,29,95.0,30.0,43,9123,84,41
92,31,29,95.0,30.0,33,11283,57,24
90,31,29,95.0,30.0,31,11281,62,31
98,29,29,95.0,30.0,39,10567,69,30
97,25,29,95.0,30.0,42,9122,56,14
95,33,29,95.0,30.0,38,12008,59,21
92,34,29,95.0,30.0,36,12366,90,54
104,32,30,105.0,30.0,46,11656,162,116
106,26,30,105.0,30.0,50,9492,90,40
100,31,30,105.0,30.0,41,11291,72,31
109,31,30,105.0,30.0,50,11300,88,38
106,25,30,105.0,30.0,51,9131,89,38
102,27,30,105.0,30.0,45,9849,85,40
104,28,30,105.0,30.0,46,10212,80,34
100,29,30,105.0,30.0,41,10569,77,36
102,32,30,105.0,30.0,44,11654,126,82
101,25,30,105.0,30.0,46,9126,143,97
117,27,31,115.0,30.0,60,9864,96,36
114,33,31,115.0,30.0,57,12027,120,63
112,30,31,115.0,30.0,52,10942,88,36
110,28,31,115.0,30.0,52,10218,85,33
111,28,31,115.0,30.0,53,10219,95,42
115,29,31,115.0,30.0,56,10584,88,32
110,27,31,115.0,30.0,53,9857,99,46
117,28,31,115.0,30.0,59,10225,105,46
117,28,31,115.0,30.0,59,10225,104,45
115,26,31,115.0,30.0,59,9501,113,54
126,29,32,125.0,30.0,67,10595,143,76
125,32,32,125.0,30.0,67,11677,160,93
122,31,32,125.0,30.0,63,11313,97,34
124,28,32,125.0,30.0,66,10232,102,36
122,29,32,125.0,30.0,63,10591,118,55
120,33,32,125.0,30.0,63,12033,89,26
123,34,32,125.0,30.0,67,12397,83,16
121,26,32,125.0,30.0,65,9507,102,37
127,25,32,125.0,30.0,72,9152,93,21
123,25,32,125.0,30.0,68,9148,124,56
138,33,33,135.0,30.0,81,12051,173,92
131,32,33,135.0,30.0,73,11683,137,64
134,29,33,135.0,30.0,75,10603,99,24
137,32,33,135.0,30.0,79,11689,126,47
139,26,33,135.0,30.0,83,9525,118,35
137,34,33,135.0,30.0,81,12411,101,20
139,34,33,135.0,30.0,83,12413,92,9
133,33,33,135.0,30.0,76,12046,108,32
138,32,33,135.0,30.0,80,11690,104,24
131,29,33,135.0,30.0,72,10600,102,30
147,30,34,145.0,30.0,87,10977,834,747
149,27,34,145.0,30.0,92,9896,222,130
142,34,34,145.0,30.0,86,12416,171,85
147,34,34,145.0,30.0,91,12421,110,19
140,34,34,145.0,30.0,84,12414,154,70
145,30,34,145.0,30.0,85,10975,136,51
147,29,34,145.0,30.0,88,10616,126,38
144,29,34,145.0,30.0,85,10613,144,59
142,26,34,145.0,30.0,86,9528,128,42
144,33,34,145.0,30.0,87,12057,814,727
153,28,35,155.0,30.0,95,10261,902,807
157,32,35,155.0,30.0,99,11709,887,788
152,32,35,155.0,30.0,94,11704,813,719
152,27,35,155.0,30.0,95,9899,160,65
152,29,35,155.0,30.0,93,10621,174,81
156,28,35,155.0,30.0,98,10264,142,44
159,32,35,155.0,30.0,101,11711,155,54
156,31,35,155.0,30.0,97,11347,198,101
158,33,35,155.0,30.0,101,12071,135,34
152,32,35,155.0,30.0,94,11704,826,732
167,27,36,165.0,30.0,110,9914,152,42
160,33,36,165.0,30.0,103,12073,151,48
168,28,36,165.0,30.0,110,10276,225,115
166,29,36,165.0,30.0,107,10635,229,122
162,26,36,165.0,30.0,106,9548,142,36
168,34,36,165.0,30.0,112,12442,193,81
167,29,36,165.0,30.0,108,10636,162,54
168,32,36,165.0,30.0,110,11720,191,81
161,30,36,165.0,30.0,101,10991,142,41
169,27,36,165.0,30.0,112,9916,150,38
172,30,37,175.0,30.0,112,11002,165,53
174,32,37,175.0,30.0,116,11726,203,87
177,25,37,175.0,30.0,122,9202,256,134
173,34,37,175.0,30.0,117,12447,193,76
176,25,37,175.0,30.0,121,9201,175,54
176,32,37,175.0,30.0,118,11728,242,124
174,26,37,175.0,30.0,118,9560,173,55
170,34,37,175.0,30.0,114,12444,215,101
178,27,37,175.0,30.0,121,9925,175,54
173,29,37,175.0,30.0,114,10642,168,54
181,33,38,185.0,30.0,124,12094,1001,877
183,27,38,185.0,30.0,126,9930,1001,875
187,31,38,185.0,30.0,128,11378,269,141
181,30,38,185.0,30.0,121,11011,1001,880
182,29,38,185.0,30.0,123,10651,1001,878
189,27,38,185.0,30.0,132,9936,1001,869
184,25,38,185.0,30.0,129,9209,238,109
183,32,38,185.0,30.0,125,11735,276,151
185,34,38,185.0,30.0,129,12459,254,125
186,30,38,185.0,30.0,126,11016,257,131
196,27,39,195.0,30.0,139,9943,295,156
190,32,39,195.0,30.0,132,11742,292,160
196,33,39,195.0,30.0,139,12109,268,129
194,34,39,195.0,30.0,138,12468,273,135
194,28,39,195.0,30.0,136,10302,281,145
192,31,39,195.0,30.0,133,11383,1001,868
190,34,39,195.0,30.0,134,12464,1001,867
194,33,39,195.0,30.0,137,12107,270,133
197,27,39,195.0,30.0,140,9944,263,123
192,27,39,195.0,30.0,135,9939,286,151
205,33,40,205.0,30.0,148,12118,297,149
205,25,40,205.0,30.0,150,9230,273,123
200,26,40,205.0,30.0,144,9586,288,144
209,28,40,205.0,30.0,151,10317,303,152
208,28,40,205.0,30.0,150,10316,273,123
200,26,40,205.0,30.0,144,9586,270,126
201,34,40,205.0,30.0,145,12475,278,133
209,25,40,205.0,30.0,154,9234,271,117
207,27,40,205.0,30.0,150,9954,339,189
207,34,40,205.0,30.0,151,12481,279,128
217,29,41,215.0,30.0,158,10686,287,129
215,29,41,215.0,30.0,156,10684,319,163
211,28,41,215.0,30.0,153,10319,279,126
219,29,41,215.0,30.0,160,10688,295,135
212,29,41,215.0,30.0,153,10681,285,132
217,34,41,215.0,30.0,161,12491,306,145
213,32,41,215.0,30.0,155,11765,295,140
213,28,41,215.0,30.0,155,10321,289,134
210,26,41,215.0,30.0,154,9596,289,135
216,30,41,215.0,30.0,156,11046,312,156
220,34,42,225.0,30.0,164,12494,340,176
221,27,42,225.0,30.0,164,9968,292,128
226,25,42,225.0,30.0,171,9251,291,120
226,30,42,225.0,30.0,166,11056,298,132
221,31,42,225.0,30.0,162,11412,327,165
229,30,42,225.0,30.0,169,11059,312,143
226,27,42,225.0,30.0,169,9973,290,121
224,31,42,225.0,30.0,165,11415,305,140
222,33,42,225.0,30.0,165,12135,341,176
226,29,42,225.0,30.0,167,10695,295,128
238,31,43,235.0,30.0,179,11429,329,150
234,25,43,235.0,30.0,179,9259,299,120
230,31,43,235.0,30.0,171,11421,471,300
234,29,43,235.0,30.0,175,10703,474,299
230,29,43,235.0,30.0,171,10699,314,143
238,29,43,235.0,30.0,179,10707,307,128
233,28,43,235.0,30.0,175,10341,318,143
237,27,43,235.0,30.0,180,9984,337,157
233,34,43,235.0,30.0,177,12507,314,137
236,33,43,235.0,30.0,179,12149,325,146
241,29,44,245.0,30.0,182,10710,486,304
248,26,44,245.0,30.0,192,9634,355,163
240,29,44,245.0,30.0,181,10709,317,136
241,29,44,245.0,30.0,182,10710,316,134
241,33,44,245.0,30.0,184,12154,354,170
240,29,44,245.0,30.0,181,10709,455,274
245,25,44,245.0,30.0,190,9270,322,132
246,29,44,245.0,30.0,187,10715,322,135
242,25,44,245.0,30.0,187,9267,324,137
241,28,44,245.0,30.0,183,10349,319,136
255,29,45,255.0,30.0,196,10724,353,157
252,28,45,255.0,30.0,194,10360,362,168
256,25,45,255.0,30.0,201,9281,342,141
251,32,45,255.0,30.0,193,11803,336,143
254,27,45,255.0,30.0,197,10001,324,127
252,26,45,255.0,30.0,196,9638,321,125
251,25,45,255.0,30.0,196,9276,347,151
252,33,45,255.0,30.0,195,12165,486,291
259,28,45,255.0,30.0,201,10367,400,199
258,34,45,255.0,30.0,202,12532,354,152
264,32,46,265.0,30.0,206,11816,374,168
263,34,46,265.0,30.0,207,12537,373,166
264,32,46,265.0,30.0,206,11816,342,136
263,31,46,265.0,30.0,204,11454,368,164
266,28,46,265.0,30.0,208,10374,372,164
262,31,46,265.0,30.0,203,11453,360,157
261,29,46,265.0,30.0,202,10730,340,138
263,31,46,265.0,30.0,204,11454,364,160
269,29,46,265.0,30.0,210,10738,392,182
269,28,46,265.0,30.0,211,10377,348,137
279,26,47,275.0,30.0,223,9665,343,120
274,27,47,275.0,30.0,217,10021,372,155
274,33,47,275.0,30.0,217,12187,381,164
277,32,47,275.0,30.0,219,11829,376,157
270,32,47,275.0,30.0,212,11822,367,155
278,30,47,275.0,30.0,218,11108,359,141
273,30,47,275.0,30.0,213,11103,371,158
274,33,47,275.0,30.0,217,12187,367,150
276,28,47,275.0,30.0,218,10384,360,142
275,32,47,275.0,30.0,217,11827,359,142
284,25,48,285.0,30.0,229,9309,342,113
286,31,48,285.0,30.0,227,11477,397,170
287,25,48,285.0,30.0,232,9312,391,159
285,25,48,285.0,30.0,230,9310,349,119
282,34,48,285.0,30.0,226,12556,405,179
287,29,48,285.0,30.0,228,10756,392,164
281,29,48,285.0,30.0,222,10750,410,188
282,27,48,285.0,30.0,225,10029,408,183
284,29,48,285.0,30.0,225,10753,366,141
289,29,48,285.0,30.0,230,10758,447,217
292,30,49,295.0,30.0,232,11122,360,128
295,32,49,295.0,30.0,237,11847,415,178
295,31,49,295.0,30.0,236,11486,413,177
291,31,49,295.0,30.0,232,11482,382,150
297,34,49,295.0,30.0,241,12571,416,175
298,34,49,295.0,30.0,242,12572,406,164
299,30,49,295.0,30.0,239,11129,403,164
290,30,49,295.0,30.0,230,11120,451,221
299,30,49,295.0,30.0,239,11129,450,211
299,30,49,295.0,30.0,239,11129,404,165
300,25,50,305.0,30.0,245,9325,1001,756
302,30,50,305.0,30.0,242,11132,430,188
305,29,50,305.0,30.0,246,10774,407,161
309,33,50,305.0,30.0,252,12222,1001,749
300,32,50,305.0,30.0,242,11852,408,166
304,34,50,305.0,30.0,248,12578,1001,753
300,29,50,305.0,30.0,241,10769,399,158
302,25,50,305.0,30.0,247,9327,409,162
309,29,50,305.0,30.0,250,10778,414,164
306,25,50,305.0,30.0,251,9331,421,170
314,33,51,312.5,30.0,257,12227,530,273
311,32,51,312.5,30.0,253,11863,1001,748
313,31,51,312.5,30.0,254,11504,548,294
314,34,51,312.5,30.0,258,12588,419,161
312,33,51,312.5,30.0,255,12225,528,273
311,30,51,312.5,30.0,251,11141,413,162
311,32,51,312.5,30.0,253,11863,535,282
312,28,51,312.5,30.0,254,10420,456,202
311,29,51,312.5,30.0,252,10780,419,167
313,30,51,312.5,30.0,253,11143,540,287
65,41,52,65.0,40.0,16,14866,67,51
67,36,52,65.0,40.0,13,13063,24,11
69,41,52,65.0,40.0,20,14870,64,44
65,36,52,65.0,40.0,11,13061,22,11
68,36,52,65.0,40.0,14,13064,22,8
65,38,52,65.0,40.0,13,13783,78,65
61,38,52,65.0,40.0,9,13779,71,62
62,43,52,65.0,40.0,15,15585,56,41
60,40,52,65.0,40.0,10,14500,51,41
68,36,52,65.0,40.0,14,13064,59,45
79,39,53,75.0,40.0,28,14158,77,49
71,40,53,75.0,40.0,21,14511,72,51
73,41,53,75.0,40.0,24,14874,65,41
77,40,53,75.0,40.0,27,14517,102,75
71,42,53,75.0,40.0,23,15233,71,48
77,39,53,75.0,40.0,26,14156,102,76
73,37,53,75.0,40.0,20,13430,40,20
74,39,53,75.0,40.0,23,14153,91,68
77,36,53,75.0,40.0,23,13073,56,33
79,44,53,75.0,40.0,33,15963,91,58
89,42,54,85.0,40.0,41,15251,82,41
84,38,54,85.0,40.0,32,13802,35,3
89,41,54,85.0,40.0,40,14890,86,46
86,41,54,85.0,40.0,37,14887,85,48
82,37,54,85.0,40.0,29,13439,61,32
88,39,54,85.0,40.0,37,14167,112,75
87,39,54,85.0,40.0,36,14166,136,100
88,43,54,85.0,40.0,41,15611,86,45
85,37,54,85.0,40.0,32,13442,41,9
87,36,54,85.0,40.0,33,13083,50,17
98,40,55,95.0,40.0,48,14538,85,37
92,40,55,95.0,40.0,42,14532,95,53
93,35,55,95.0,40.0,38,12728,60,22
95,35,55,95.0,40.0,40,12730,44,4
94,40,55,95.0,40.0,44,14534,112,68
97,44,55,95.0,40.0,51,15981,101,50
90,41,55,95.0,40.0,41,14891,93,52
94,39,55,95.0,40.0,43,14173,91,48
97,37,55,95.0,40.0,44,13454,55,11
97,43,55,95.0,40.0,50,15620,118,68
108,42,56,105.0,40.0,60,15270,114,54
104,41,56,105.0,40.0,55,14905,140,85
105,43,56,105.0,40.0,58,15628,136,78
103,38,56,105.0,40.0,51,13821,121,70
109,41,56,105.0,40.0,60,14910,110,50
107,36,56,105.0,40.0,53,13103,55,2
108,44,56,105.0,40.0,62,15992,104,42
106,37,56,105.0,40.0,53,13463,77,24
108,44,56,105.0,40.0,62,15992,109,47
109,43,56,105.0,40.0,62,15632,115,53
117,36,57,115.0,40.0,63,13113,79,16
112,41,57,115.0,40.0,63,14913,130,67
113,41,57,115.0,40.0,64,14914,199,135
119,37,57,115.0,40.0,66,13476,77,11
111,41,57,115.0,40.0,62,14912,128,66
119,39,57,115.0,40.0,68,14198,85,17
116,42,57,115.0,40.0,68,15278,133,65
115,43,57,115.0,40.0,68,15638,128,60
110,36,57,115.0,40.0,56,13106,58,2
111,37,57,115.0,40.0,58,13468,73,15
120,43,58,125.0,40.0,73,15643,130,57
123,44,58,125.0,40.0,77,16007,123,46
125,36,58,125.0,40.0,71,13121,130,59
125,43,58,125.0,40.0,78,15648,135,57
129,44,58,125.0,40.0,83,16013,139,56
123,35,58,125.0,40.0,68,12758,86,18
123,37,58,125.0,40.0,70,13480,80,10
121,39,58,125.0,40.0,70,14200,88,18
122,40,58,125.0,40.0,72,14562,105,33
129,44,58,125.0,40.0,83,16013,141,58
132,40,59,135.0,40.0,82,14572,151,69
132,37,59,135.0,40.0,79,13489,872,793
137,37,59,135.0,40.0,84,13494,110,26
131,38,59,135.0,40.0,79,13849,144,65
133,43,59,135.0,40.0,86,15656,135,49
135,43,59,135.0,40.0,88,15658,145,57
136,43,59,135.0,40.0,89,15659,139,50
137,41,59,135.0,40.0,88,14938,156,68
139,36,59,135.0,40.0,85,13135,125,40
134,39,59,135.0,40.0,83,14213,161,78
149,38,60,145.0,40.0,97,13867,839,742
149,35,60,145.0,40.0,94,12784,118,24
147,38,60,145.0,40.0,95,13865,116,21
149,42,60,145.0,40.0,101,15311,148,47
148,43,60,145.0,40.0,101,15671,189,88
148,38,60,145.0,40.0,96,13866,205,109
142,36,60,145.0,40.0,88,13138,111,23
144,42,60,145.0,40.0,96,15306,148,52
146,37,60,145.0,40.0,93,13503,124,31
145,37,60,145.0,40.0,92,13502,96,4
156,35,61,155.0,40.0,101,12791,787,686
154,40,61,155.0,40.0,104,14594,180,76
157,41,61,155.0,40.0,108,14958,162,54
159,36,61,155.0,40.0,105,13155,153,48
152,42,61,155.0,40.0,104,15314,170,66
159,42,61,155.0,40.0,111,15321,179,68
151,39,61,155.0,40.0,100,14230,170,70
159,38,61,155.0,40.0,107,13877,122,15
159,41,61,155.0,40.0,110,14960,177,67
154,35,61,155.0,40.0,99,12789,123,24
162,39,62,165.0,40.0,111,14241,777,666
168,37,62,165.0,40.0,115,13525,138,23
169,38,62,165.0,40.0,117,13887,131,14
160,44,62,165.0,40.0,114,16044,173,59
167,41,62,165.0,40.0,118,14968,178,60
167,38,62,165.0,40.0,115,13885,217,102
162,42,62,165.0,40.0,114,15324,184,70
164,39,62,165.0,40.0,113,14243,190,77
166,42,62,165.0,40.0,118,15328,182,64
166,35,62,165.0,40.0,111,12801,193,82
177,43,63,175.0,40.0,130,15700,228,98
170,38,63,175.0,40.0,118,13888,145,27
170,38,63,175.0,40.0,118,13888,142,24
173,35,63,175.0,40.0,118,12808,135,17
177,38,63,175.0,40.0,125,13895,772,647
179,40,63,175.0,40.0,129,14619,196,67
173,35,63,175.0,40.0,118,12808,156,38
172,42,63,175.0,40.0,124,15334,187,63
172,43,63,175.0,40.0,125,15695,181,56
173,38,63,175.0,40.0,121,13891,194,73
189,38,64,185.0,40.0,137,13907,277,140
187,40,64,185.0,40.0,137,14627,1001,864
180,37,64,185.0,40.0,127,13537,210,83
183,44,64,185.0,40.0,137,16067,788,651
183,42,64,185.0,40.0,135,15345,1001,866
181,36,64,185.0,40.0,127,13177,269,142
183,37,64,185.0,40.0,130,13540,1001,871
184,40,64,185.0,40.0,134,14624,271,137
189,36,64,185.0,40.0,135,13185,1001,866
186,43,64,185.0,40.0,139,15709,266,127
190,36,65,195.0,40.0,136,13186,1001,865
194,41,65,195.0,40.0,145,14995,280,135
197,40,65,195.0,40.0,147,14637,294,147
197,40,65,195.0,40.0,147,14637,321,174
193,41,65,195.0,40.0,144,14994,1001,857
190,42,65,195.0,40.0,142,15352,1001,859
196,36,65,195.0,40.0,142,13192,335,193
197,44,65,195.0,40.0,151,16081,283,132
198,35,65,195.0,40.0,143,12833,338,195
199,38,65,195.0,40.0,147,13917,309,162
205,35,66,205.0,40.0,150,12840,285,135
200,41,66,205.0,40.0,151,15001,315,164
204,40,66,205.0,40.0,154,14644,394,240
201,43,66,205.0,40.0,154,15724,287,133
201,37,66,205.0,40.0,148,13558,284,136
209,42,66,205.0,40.0,161,15371,293,132
203,44,66,205.0,40.0,157,16087,289,132
206,38,66,205.0,40.0,154,13924,286,132
208,37,66,205.0,40.0,155,13565,322,167
205,42,66,205.0,40.0,157,15367,296,139
218,37,67,215.0,40.0,165,13575,326,161
214,35,67,215.0,40.0,159,12849,286,127
216,44,67,215.0,40.0,170,16100,297,127
214,39,67,215.0,40.0,163,14293,302,139
216,44,67,215.0,40.0,170,16100,299,129
218,41,67,215.0,40.0,169,15019,303,134
210,35,67,215.0,40.0,155,12845,306,151
216,44,67,215.0,40.0,170,16100,300,130
216,36,67,215.0,40.0,162,13212,299,137
216,43,67,215.0,40.0,169,15739,328,159
225,40,68,225.0,40.0,175,14665,316,141
227,37,68,225.0,40.0,174,13584,308,134
227,38,68,225.0,40.0,175,13945,309,134
220,43,68,225.0,40.0,173,15743,300,127
227,39,68,225.0,40.0,176,14306,414,238
228,37,68,225.0,40.0,175,13585,313,138
229,35,68,225.0,40.0,174,12864,325,151
221,42,68,225.0,40.0,173,15383,312,139
225,41,68,225.0,40.0,176,15026,312,136
222,44,68,225.0,40.0,176,16106,312,136
231,43,69,235.0,40.0,184,15754,366,182
239,44,69,235.0,40.0,193,16123,329,136
234,39,69,235.0,40.0,183,14313,341,158
234,35,69,235.0,40.0,179,12869,343,164
233,37,69,235.0,40.0,180,13590,311,131
235,40,69,235.0,40.0,185,14675,384,199
233,39,69,235.0,40.0,182,14312,309,127
232,40,69,235.0,40.0,182,14672,344,162
239,37,69,235.0,40.0,186,13596,371,185
237,39,69,235.0,40.0,186,14316,1001,815
240,35,70,245.0,40.0,185,12875,325,140
241,42,70,245.0,40.0,193,15403,337,144
246,42,70,245.0,40.0,198,15408,347,149
246,41,70,245.0,40.0,197,15047,335,138
249,38,70,245.0,40.0,197,13967,337,140
248,40,70,245.0,40.0,198,14688,394,196
249,40,70,245.0,40.0,199,14689,388,189
240,41,70,245.0,40.0,191,15041,325,134
241,36,70,245.0,40.0,187,13237,327,140
246,42,70,245.0,40.0,198,15408,336,138
257,43,71,255.0,40.0,210,15780,341,131
251,36,71,255.0,40.0,197,13247,331,134
259,36,71,255.0,40.0,205,13255,348,143
257,40,71,255.0,40.0,207,14697,341,134
259,37,71,255.0,40.0,206,13616,358,152
250,43,71,255.0,40.0,203,15773,346,143
251,36,71,255.0,40.0,197,13247,360,163
257,36,71,255.0,40.0,203,13253,334,131
259,38,71,255.0,40.0,207,13977,358,151
259,37,71,255.0,40.0,206,13616,347,141
263,37,72,265.0,40.0,210,13620,340,130
264,44,72,265.0,40.0,218,16148,359,141
267,44,72,265.0,40.0,221,16151,375,154
260,38,72,265.0,40.0,208,13978,368,160
269,39,72,265.0,40.0,218,14348,380,162
262,41,72,265.0,40.0,213,15063,363,150
268,43,72,265.0,40.0,221,15791,366,145
264,40,72,265.0,40.0,214,14704,351,137
269,35,72,265.0,40.0,214,12904,349,135
266,43,72,265.0,40.0,219,15789,352,133
277,42,73,275.0,40.0,229,15439,382,153
272,41,73,275.0,40.0,223,15073,381,158
279,37,73,275.0,40.0,226,13636,389,163
277,35,73,275.0,40.0,222,12912,351,129
274,40,73,275.0,40.0,224,14714,379,155
272,43,73,275.0,40.0,225,15795,376,151
277,36,73,275.0,40.0,223,13273,361,138
273,44,73,275.0,40.0,227,16157,377,150
275,41,73,275.0,40.0,226,15076,368,142
273,36,73,275.0,40.0,219,13269,371,152
280,40,74,285.0,40.0,230,14720,395,165
289,40,74,285.0,40.0,239,14729,626,387
288,39,74,285.0,40.0,237,14367,405,168
285,44,74,285.0,40.0,239,16169,375,136
289,36,74,285.0,40.0,235,13285,377,142
282,44,74,285.0,40.0,236,16166,375,139
287,37,74,285.0,40.0,234,13644,393,159
288,39,74,285.0,40.0,237,14367,393,156
286,38,74,285.0,40.0,234,14004,397,163
287,35,74,285.0,40.0,232,12922,419,187
298,36,75,295.0,40.0,244,13294,401,157
292,44,75,295.0,40.0,246,16176,383,137
292,40,75,295.0,40.0,242,14732,383,141
299,41,75,295.0,40.0,250,15100,387,137
293,44,75,295.0,40.0,247,16177,390,143
292,41,75,295.0,40.0,243,15093,385,142
293,39,75,295.0,40.0,242,14372,392,150
299,37,75,295.0,40.0,246,13656,398,152
290,38,75,295.0,40.0,238,14008,380,142
296,38,75,295.0,40.0,244,14014,389,145
309,42,76,305.0,40.0,261,15471,404,143
305,40,76,305.0,40.0,255,14745,1001,746
301,36,76,305.0,40.0,247,13297,414,167
307,42,76,305.0,40.0,259,15469,556,297
302,38,76,305.0,40.0,250,14020,520,270
302,40,76,305.0,40.0,252,14742,388,136
309,42,76,305.0,40.0,261,15471,401,140
304,40,76,305.0,40.0,254,14744,405,151
305,37,76,305.0,40.0,252,13662,404,152
300,36,76,305.0,40.0,246,13296,411,165
312,37,77,312.5,40.0,259,13669,407,148
314,38,77,312.5,40.0,262,14032,450,188
313,37,77,312.5,40.0,260,13670,407,147
311,44,77,312.5,40.0,265,16195,450,185
312,40,77,312.5,40.0,262,14752,1001,739
311,40,77,312.5,40.0,261,14751,536,275
311,42,77,312.5,40.0,263,15473,421,158
311,37,77,312.5,40.0,258,13668,425,167
313,38,77,312.5,40.0,261,14031,412,151
312,43,77,312.5,40.0,265,15835,412,147
