x,y,cell,cell_x,cell_y,opt_traj,point_id,steps_taken,extra_steps
65,22,0,65.0,20.0,13,8007,1001,988
63,21,0,65.0,20.0,12,7644,80,68
62,16,0,65.0,20.0,16,5838,60,44
65,17,0,65.0,20.0,18,6202,61,43
60,21,0,65.0,20.0,9,7641,55,46
60,23,0,65.0,20.0,7,8363,106,99
61,23,0,65.0,20.0,8,8364,32,24
61,18,0,65.0,20.0,13,6559,28,15
63,24,0,65.0,20.0,9,8727,1001,992
68,19,0,65.0,20.0,19,6927,60,41
79,18,1,75.0,20.0,31,6577,87,56
76,17,1,75.0,20.0,29,6213,78,49
74,18,1,75.0,20.0,26,6572,106,80
79,23,1,75.0,20.0,26,8382,110,84
73,21,1,75.0,20.0,22,7654,69,47
77,17,1,75.0,20.0,30,6214,85,55
79,15,1,75.0,20.0,34,5494,116,82
75,23,1,75.0,20.0,22,8378,112,90
78,19,1,75.0,20.0,29,6937,145,116
79,20,1,75.0,20.0,29,7299,46,17
83,15,2,85.0,20.0,38,5498,120,82
82,20,2,85.0,20.0,32,7302,83,51
89,15,2,85.0,20.0,44,5504,126,82
87,24,2,85.0,20.0,33,8751,270,237
82,19,2,85.0,20.0,33,6941,141,108
89,20,2,85.0,20.0,39,7309,221,182
84,24,2,85.0,20.0,30,8748,110,80
82,22,2,85.0,20.0,30,8024,165,135
82,17,2,85.0,20.0,35,6219,90,55
86,24,2,85.0,20.0,32,8750,1001,969
95,16,3,95.0,20.0,49,5871,239,190
94,23,3,95.0,20.0,41,8397,232,191
99,17,3,95.0,20.0,52,6236,189,137
99,18,3,95.0,20.0,51,6597,174,123
99,15,3,95.0,20.0,54,5514,136,82
91,17,3,95.0,20.0,44,6228,234,190
99,18,3,95.0,20.0,51,6597,174,123
96,20,3,95.0,20.0,46,7316,185,139
92,24,3,95.0,20.0,38,8756,1001,963
96,15,3,95.0,20.0,51,5511,133,82
101,16,4,105.0,20.0,55,5877,246,191
106,21,4,105.0,20.0,55,7687,206,151
107,16,4,105.0,20.0,61,5883,322,261
102,21,4,105.0,20.0,51,7683,244,193
105,19,4,105.0,20.0,56,6964,176,120
100,22,4,105.0,20.0,48,8042,210,162
104,18,4,105.0,20.0,56,6602,253,197
104,24,4,105.0,20.0,50,8768,261,211
102,18,4,105.0,20.0,54,6600,188,134
107,23,4,105.0,20.0,54,8410,230,176
112,19,5,115.0,20.0,63,6971,204,141
112,20,5,115.0,20.0,62,7332,207,145
111,20,5,115.0,20.0,61,7331,228,167
110,23,5,115.0,20.0,57,8413,235,178
112,23,5,115.0,20.0,59,8415,376,317
114,17,5,115.0,20.0,67,6251,224,157
116,15,5,115.0,20.0,71,5531,155,84
116,20,5,115.0,20.0,66,7336,222,156
112,19,5,115.0,20.0,63,6971,214,151
116,15,5,115.0,20.0,71,5531,155,84
123,17,6,125.0,20.0,76,6260,294,218
125,24,6,125.0,20.0,71,8789,215,144
122,21,6,125.0,20.0,71,7703,209,138
127,16,6,125.0,20.0,81,5903,311,230
126,20,6,125.0,20.0,76,7346,206,130
129,20,6,125.0,20.0,79,7349,277,198
129,16,6,125.0,20.0,83,5905,437,354
127,20,6,125.0,20.0,77,7347,201,124
126,23,6,125.0,20.0,73,8429,259,186
124,19,6,125.0,20.0,75,6983,208,133
130,22,7,135.0,20.0,78,8072,259,181
131,15,7,135.0,20.0,86,5546,1001,915
138,17,7,135.0,20.0,91,6275,1001,910
134,20,7,135.0,20.0,84,7354,1001,917
136,23,7,135.0,20.0,83,8439,326,243
132,17,7,135.0,20.0,85,6269,558,473
139,19,7,135.0,20.0,90,6998,376,286
135,23,7,135.0,20.0,82,8438,290,208
135,23,7,135.0,20.0,82,8438,306,224
134,18,7,135.0,20.0,86,6632,1001,915
140,22,8,145.0,20.0,88,8082,370,282
148,23,8,145.0,20.0,95,8451,200,105
141,16,8,145.0,20.0,95,5917,1001,906
140,19,8,145.0,20.0,91,6999,345,254
146,16,8,145.0,20.0,100,5922,368,268
149,20,8,145.0,20.0,99,7369,363,264
142,24,8,145.0,20.0,88,8806,390,302
149,19,8,145.0,20.0,100,7008,706,606
145,22,8,145.0,20.0,93,8087,429,336
144,24,8,145.0,20.0,90,8808,290,200
152,24,9,155.0,20.0,98,8816,363,265
157,15,9,155.0,20.0,112,5572,1001,889
151,22,9,155.0,20.0,99,8093,390,291
157,22,9,155.0,20.0,105,8099,441,336
151,22,9,155.0,20.0,99,8093,357,258
158,18,9,155.0,20.0,110,6656,415,305
150,16,9,155.0,20.0,104,5926,570,466
154,17,9,155.0,20.0,107,6291,383,276
150,21,9,155.0,20.0,99,7731,268,169
154,18,9,155.0,20.0,106,6652,527,421
165,24,10,165.0,20.0,111,8829,492,381
167,19,10,165.0,20.0,118,7026,658,540
161,15,10,165.0,20.0,116,5576,348,232
169,20,10,165.0,20.0,119,7389,543,424
165,22,10,165.0,20.0,113,8107,357,244
162,18,10,165.0,20.0,114,6660,385,271
160,20,10,165.0,20.0,110,7380,382,272
169,15,10,165.0,20.0,124,5584,1001,877
166,15,10,165.0,20.0,121,5581,1001,880
165,15,10,165.0,20.0,120,5580,1001,881
171,19,11,175.0,20.0,122,7030,317,195
174,20,11,175.0,20.0,124,7394,434,310
178,15,11,175.0,20.0,133,5593,1001,868
173,17,11,175.0,20.0,126,6310,294,168
175,15,11,175.0,20.0,130,5590,1001,871
176,24,11,175.0,20.0,122,8840,393,271
173,19,11,175.0,20.0,124,7032,295,171
170,20,11,175.0,20.0,120,7390,344,224
170,24,11,175.0,20.0,116,8834,362,246
178,15,11,175.0,20.0,133,5593,1001,868
185,15,12,185.0,20.0,140,5600,726,586
186,17,12,185.0,20.0,139,6323,358,219
183,23,12,185.0,20.0,130,8486,237,107
180,20,12,185.0,20.0,130,7400,494,364
181,19,12,185.0,20.0,132,7040,367,235
185,22,12,185.0,20.0,133,8127,398,265
188,21,12,185.0,20.0,137,7769,357,220
183,23,12,185.0,20.0,130,8486,237,107
180,19,12,185.0,20.0,131,7039,345,214
189,18,12,185.0,20.0,141,6687,741,600
190,21,13,195.0,20.0,139,7771,380,241
190,19,13,195.0,20.0,141,7049,312,171
196,17,13,195.0,20.0,149,6333,732,583
191,20,13,195.0,20.0,141,7411,355,214
193,23,13,195.0,20.0,140,8496,247,107
194,23,13,195.0,20.0,141,8497,639,498
198,23,13,195.0,20.0,145,8501,253,108
196,24,13,195.0,20.0,142,8860,564,422
194,24,13,195.0,20.0,140,8858,391,251
191,20,13,195.0,20.0,141,7411,288,147
207,18,14,205.0,20.0,159,6705,718,559
200,22,14,205.0,20.0,148,8142,1001,853
205,17,14,205.0,20.0,158,6342,720,562
209,20,14,205.0,20.0,159,7429,737,578
204,22,14,205.0,20.0,152,8146,799,647
203,20,14,205.0,20.0,153,7423,744,591
206,18,14,205.0,20.0,158,6704,725,567
209,17,14,205.0,20.0,162,6346,718,556
203,20,14,205.0,20.0,153,7423,744,591
209,17,14,205.0,20.0,162,6346,715,553
218,23,15,215.0,20.0,165,8521,751,586
219,21,15,215.0,20.0,168,7800,750,582
213,24,15,215.0,20.0,159,8877,1001,842
213,21,15,215.0,20.0,162,7794,753,591
216,20,15,215.0,20.0,166,7436,733,567
217,20,15,215.0,20.0,167,7437,732,565
212,21,15,215.0,20.0,161,7793,768,607
212,16,15,215.0,20.0,166,5988,696,530
219,18,15,215.0,20.0,171,6717,715,544
219,21,15,215.0,20.0,168,7800,742,574
222,18,16,225.0,20.0,174,6720,700,526
225,15,16,225.0,20.0,180,5640,690,510
226,21,16,225.0,20.0,175,7807,718,543
225,22,16,225.0,20.0,173,8167,736,563
223,23,16,225.0,20.0,170,8526,756,586
222,21,16,225.0,20.0,171,7803,737,566
224,19,16,225.0,20.0,175,7083,709,534
222,18,16,225.0,20.0,174,6720,709,535
220,19,16,225.0,20.0,171,7079,710,539
229,22,16,225.0,20.0,177,8171,442,265
235,22,17,235.0,20.0,183,8177,422,239
231,22,17,235.0,20.0,179,8173,488,309
238,24,17,235.0,20.0,184,8902,578,394
230,22,17,235.0,20.0,178,8172,463,285
230,18,17,235.0,20.0,182,6728,420,238
237,15,17,235.0,20.0,192,5652,429,237
235,23,17,235.0,20.0,182,8538,500,318
232,19,17,235.0,20.0,183,7091,419,236
237,24,17,235.0,20.0,183,8901,449,266
234,20,17,235.0,20.0,184,7454,428,244
243,15,18,245.0,20.0,198,5658,392,194
240,20,18,245.0,20.0,190,7460,440,250
243,18,18,245.0,20.0,195,6741,411,216
240,16,18,245.0,20.0,194,6016,401,207
242,24,18,245.0,20.0,188,8906,439,251
249,24,18,245.0,20.0,195,8913,477,282
242,17,18,245.0,20.0,195,6379,391,196
244,24,18,245.0,20.0,190,8908,430,240
248,17,18,245.0,20.0,201,6385,399,198
247,19,18,245.0,20.0,198,7106,384,186
251,20,19,255.0,20.0,201,7471,407,206
256,19,19,255.0,20.0,207,7115,375,168
258,18,19,255.0,20.0,210,6756,407,197
250,23,19,255.0,20.0,197,8553,431,234
252,23,19,255.0,20.0,199,8555,444,245
254,21,19,255.0,20.0,203,7835,438,235
258,21,19,255.0,20.0,207,7839,405,198
257,17,19,255.0,20.0,210,6394,399,189
259,22,19,255.0,20.0,207,8201,395,188
255,18,19,255.0,20.0,207,6753,377,170
266,22,20,265.0,20.0,214,8208,452,238
264,21,20,265.0,20.0,213,7845,415,202
262,20,20,265.0,20.0,212,7482,385,173
260,21,20,265.0,20.0,209,7841,405,196
263,19,20,265.0,20.0,214,7122,417,203
262,16,20,265.0,20.0,216,6038,376,160
267,15,20,265.0,20.0,222,5682,445,223
267,16,20,265.0,20.0,221,6043,381,160
268,16,20,265.0,20.0,222,6044,435,213
260,19,20,265.0,20.0,211,7119,371,160
276,21,21,275.0,20.0,225,7857,419,194
276,15,21,275.0,20.0,231,5691,424,193
275,21,21,275.0,20.0,224,7856,468,244
273,16,21,275.0,20.0,227,6049,635,408
270,17,21,275.0,20.0,223,6407,1001,778
275,17,21,275.0,20.0,228,6412,1001,773
277,18,21,275.0,20.0,229,6775,512,283
270,21,21,275.0,20.0,219,7851,422,203
275,18,21,275.0,20.0,227,6773,419,192
276,22,21,275.0,20.0,224,8218,441,217
283,19,22,285.0,20.0,234,7142,718,484
288,20,22,285.0,20.0,238,7508,689,451
284,18,22,285.0,20.0,236,6782,424,188
289,15,22,285.0,20.0,244,5704,636,392
287,24,22,285.0,20.0,233,8951,684,451
285,15,22,285.0,20.0,240,5700,642,402
280,23,22,285.0,20.0,227,8583,462,235
289,24,22,285.0,20.0,235,8953,622,387
289,22,22,285.0,20.0,237,8231,657,420
284,16,22,285.0,20.0,238,6060,636,398
292,22,23,295.0,20.0,240,8234,583,343
292,22,23,295.0,20.0,240,8234,569,329
296,18,23,295.0,20.0,248,6794,658,410
290,19,23,295.0,20.0,241,7149,688,447
290,17,23,295.0,20.0,243,6427,659,416
298,17,23,295.0,20.0,251,6435,570,319
291,15,23,295.0,20.0,246,5706,553,307
293,16,23,295.0,20.0,247,6069,549,302
297,16,23,295.0,20.0,251,6073,567,316
293,24,23,295.0,20.0,239,8957,541,302
302,22,24,305.0,20.0,250,8244,1001,751
307,17,24,305.0,20.0,260,6444,601,341
309,21,24,305.0,20.0,258,7890,1001,743
303,24,24,305.0,20.0,249,8967,580,331
306,22,24,305.0,20.0,254,8248,627,373
300,19,24,305.0,20.0,251,7159,565,314
307,21,24,305.0,20.0,256,7888,1001,745
309,24,24,305.0,20.0,255,8973,1001,746
306,20,24,305.0,20.0,256,7526,1001,745
303,24,24,305.0,20.0,249,8967,755,506
311,21,25,312.5,20.0,260,7892,720,460
310,20,25,312.5,20.0,260,7530,616,356
312,18,25,312.5,20.0,264,6810,1001,737
313,23,25,312.5,20.0,260,8616,1001,741
311,22,25,312.5,20.0,259,8253,1001,742
314,20,25,312.5,20.0,264,7534,597,333
311,23,25,312.5,20.0,258,8614,1001,743
314,24,25,312.5,20.0,260,8978,1001,741
314,20,25,312.5,20.0,264,7534,1001,737
310,18,25,312.5,20.0,262,6808,671,409
69,25,26,65.0,30.0,14,9094,44,30
67,32,26,65.0,30.0,9,11619,118,109
69,27,26,65.0,30.0,12,9816,51,39
66,33,26,65.0,30.0,9,11979,84,75
64,34,26,65.0,30.0,8,12338,37,29
61,28,26,65.0,30.0,3,10169,21,18
61,26,26,65.0,30.0,5,9447,19,14
69,31,26,65.0,30.0,10,11260,225,215
65,27,26,65.0,30.0,8,9812,66,58
66,32,26,65.0,30.0,8,11618,52,44
70,28,27,75.0,30.0,12,10178,56,44
74,28,27,75.0,30.0,16,10182,76,60
73,34,27,75.0,30.0,17,12347,64,47
74,34,27,75.0,30.0,18,12348,99,81
74,29,27,75.0,30.0,15,10543,152,137
72,29,27,75.0,30.0,13,10541,296,283
77,27,27,75.0,30.0,20,9824,351,331
75,25,27,75.0,30.0,20,9100,133,113
76,27,27,75.0,30.0,19,9823,70,51
72,26,27,75.0,30.0,16,9458,1001,985
89,32,28,85.0,30.0,31,11641,1001,970
85,25,28,85.0,30.0,30,9110,1001,971
88,27,28,85.0,30.0,31,9835,1001,970
85,28,28,85.0,30.0,27,10193,1001,974
89,32,28,85.0,30.0,31,11641,1001,970
83,31,28,85.0,30.0,24,11274,1001,977
87,27,28,85.0,30.0,30,9834,1001,971
80,31,28,85.0,30.0,21,11271,122,101
86,27,28,85.0,30.0,29,9833,1001,972
87,28,28,85.0,30.0,29,10195,1001,972
95,26,29,95.0,30.0,39,9481,1001,962
95,26,29,95.0,30.0,39,9481,1001,962
91,34,29,95.0,30.0,35,12365,1001,966
90,34,29,95.0,30.0,34,12364,1001,967
93,30,29,95.0,30.0,33,10923,1001,968
99,26,29,95.0,30.0,43,9485,958,915
96,31,29,95.0,30.0,37,11287,1001,964
90,33,29,95.0,30.0,33,12003,1001,968
96,31,29,95.0,30.0,37,11287,1001,964
94,30,29,95.0,30.0,34,10924,1001,967
107,31,30,105.0,30.0,48,11298,997,949
104,27,30,105.0,30.0,47,9851,937,890
103,33,30,105.0,30.0,46,12016,980,934
101,26,30,105.0,30.0,45,9487,981,936
107,26,30,105.0,30.0,51,9493,953,902
104,32,30,105.0,30.0,46,11656,953,907
107,32,30,105.0,30.0,49,11659,998,949
103,29,30,105.0,30.0,44,10572,940,896
100,25,30,105.0,30.0,45,9125,966,921
107,27,30,105.0,30.0,50,9854,975,925
110,27,31,115.0,30.0,53,9857,330,277
114,27,31,115.0,30.0,57,9861,289,232
110,32,31,115.0,30.0,52,11662,1001,949
116,30,31,115.0,30.0,56,10946,1001,945
118,29,31,115.0,30.0,59,10587,203,144
118,33,31,115.0,30.0,61,12031,887,826
115,25,31,115.0,30.0,60,9140,431,371
118,26,31,115.0,30.0,62,9504,231,169
113,29,31,115.0,30.0,54,10582,234,180
118,30,31,115.0,30.0,58,10948,223,165
127,26,32,125.0,30.0,71,9513,375,304
127,29,32,125.0,30.0,68,10596,210,142
127,27,32,125.0,30.0,70,9874,342,272
122,27,32,125.0,30.0,65,9869,1001,936
122,32,32,125.0,30.0,64,11674,332,268
122,29,32,125.0,30.0,63,10591,412,349
125,34,32,125.0,30.0,69,12399,849,780
128,32,32,125.0,30.0,70,11680,859,789
121,26,32,125.0,30.0,65,9507,239,174
125,30,32,125.0,30.0,65,10955,857,792
138,34,33,135.0,30.0,82,12412,806,724
136,34,33,135.0,30.0,80,12410,849,769
133,32,33,135.0,30.0,75,11685,868,793
135,31,33,135.0,30.0,76,11326,912,836
132,33,33,135.0,30.0,75,12045,1001,926
131,27,33,135.0,30.0,74,9878,260,186
137,31,33,135.0,30.0,78,11328,248,170
136,29,33,135.0,30.0,77,10605,235,158
131,28,33,135.0,30.0,73,10239,298,225
131,29,33,135.0,30.0,72,10600,919,847
149,26,34,145.0,30.0,93,9535,255,162
149,34,34,145.0,30.0,93,12423,814,721
141,31,34,145.0,30.0,82,11332,808,726
141,26,34,145.0,30.0,85,9527,239,154
145,33,34,145.0,30.0,88,12058,812,724
147,28,34,145.0,30.0,89,10255,260,171
143,28,34,145.0,30.0,85,10251,239,154
148,25,34,145.0,30.0,93,9173,317,224
140,33,34,145.0,30.0,83,12053,837,754
149,32,34,145.0,30.0,91,11701,312,221
153,28,35,155.0,30.0,95,10261,272,177
158,31,35,155.0,30.0,99,11349,847,748
150,33,35,155.0,30.0,93,12063,821,728
153,32,35,155.0,30.0,95,11705,793,698
157,25,35,155.0,30.0,102,9182,301,199
156,25,35,155.0,30.0,101,9181,349,248
152,30,35,155.0,30.0,92,10982,837,745
157,31,35,155.0,30.0,98,11348,244,146
150,27,35,155.0,30.0,93,9897,222,129
157,25,35,155.0,30.0,102,9182,352,250
165,28,36,165.0,30.0,107,10273,223,116
161,31,36,165.0,30.0,102,11352,856,754
161,26,36,165.0,30.0,105,9547,280,175
164,29,36,165.0,30.0,105,10633,242,137
169,29,36,165.0,30.0,110,10638,260,150
163,30,36,165.0,30.0,103,10993,247,144
161,26,36,165.0,30.0,105,9547,281,176
168,34,36,165.0,30.0,112,12442,819,707
166,30,36,165.0,30.0,106,10996,1001,895
166,27,36,165.0,30.0,109,9913,223,114
174,30,37,175.0,30.0,114,11004,465,351
174,34,37,175.0,30.0,118,12448,756,638
170,28,37,175.0,30.0,112,10278,228,116
174,33,37,175.0,30.0,117,12087,1001,884
170,33,37,175.0,30.0,113,12083,856,743
177,30,37,175.0,30.0,117,11007,745,628
178,31,37,175.0,30.0,119,11369,244,125
179,31,37,175.0,30.0,120,11370,278,158
177,25,37,175.0,30.0,122,9202,374,252
179,33,37,175.0,30.0,122,12092,278,156
186,30,38,185.0,30.0,126,11016,342,216
182,33,38,185.0,30.0,125,12095,284,159
185,26,38,185.0,30.0,129,9571,299,170
186,28,38,185.0,30.0,128,10294,317,189
185,31,38,185.0,30.0,126,11376,305,179
182,28,38,185.0,30.0,124,10290,496,372
186,28,38,185.0,30.0,128,10294,431,303
180,25,38,185.0,30.0,125,9205,358,233
187,28,38,185.0,30.0,129,10295,261,132
181,29,38,185.0,30.0,122,10650,268,146
196,34,39,195.0,30.0,140,12470,309,169
199,28,39,195.0,30.0,141,10307,334,193
197,34,39,195.0,30.0,141,12471,1001,860
190,29,39,195.0,30.0,131,10659,304,173
196,26,39,195.0,30.0,140,9582,311,171
198,29,39,195.0,30.0,139,10667,443,304
197,31,39,195.0,30.0,138,11388,366,228
194,34,39,195.0,30.0,138,12468,443,305
199,30,39,195.0,30.0,139,11029,310,171
193,25,39,195.0,30.0,138,9218,337,199
200,26,40,205.0,30.0,144,9586,394,250
204,33,40,205.0,30.0,147,12117,1001,854
200,30,40,205.0,30.0,140,11030,345,205
201,30,40,205.0,30.0,141,11031,1001,860
201,29,40,205.0,30.0,142,10670,370,228
206,30,40,205.0,30.0,146,11036,1001,855
201,26,40,205.0,30.0,145,9587,290,145
204,27,40,205.0,30.0,147,9951,1001,854
208,31,40,205.0,30.0,149,11399,1001,852
204,30,40,205.0,30.0,144,11034,1001,857
210,32,41,215.0,30.0,152,11762,1001,849
210,31,41,215.0,30.0,151,11401,1001,850
219,29,41,215.0,30.0,160,10688,1001,841
211,25,41,215.0,30.0,156,9236,1001,845
218,32,41,215.0,30.0,160,11770,1001,841
210,33,41,215.0,30.0,153,12123,1001,848
213,26,41,215.0,30.0,157,9599,1001,844
211,30,41,215.0,30.0,151,11041,1001,850
210,31,41,215.0,30.0,151,11401,1001,850
219,31,41,215.0,30.0,160,11410,1001,841
224,34,42,225.0,30.0,168,12498,1001,833
224,33,42,225.0,30.0,167,12137,1001,834
228,29,42,225.0,30.0,169,10697,476,307
220,26,42,225.0,30.0,164,9606,1001,837
229,27,42,225.0,30.0,172,9976,507,335
220,33,42,225.0,30.0,163,12133,1001,838
222,31,42,225.0,30.0,163,11413,1001,838
227,31,42,225.0,30.0,168,11418,1001,833
224,31,42,225.0,30.0,165,11415,1001,836
229,34,42,225.0,30.0,173,12503,477,304
239,31,43,235.0,30.0,180,11430,1001,821
231,25,43,235.0,30.0,176,9256,474,298
235,27,43,235.0,30.0,178,9982,566,388
233,25,43,235.0,30.0,178,9258,439,261
231,29,43,235.0,30.0,172,10700,467,295
232,30,43,235.0,30.0,172,11062,442,270
239,25,43,235.0,30.0,184,9264,465,281
234,27,43,235.0,30.0,177,9981,476,299
234,25,43,235.0,30.0,179,9259,1001,822
239,27,43,235.0,30.0,182,9986,513,331
245,29,44,245.0,30.0,186,10714,614,428
240,31,44,245.0,30.0,181,11431,1001,820
249,26,44,245.0,30.0,193,9635,441,248
249,26,44,245.0,30.0,193,9635,428,235
245,34,44,245.0,30.0,189,12519,505,316
249,34,44,245.0,30.0,193,12523,542,349
242,25,44,245.0,30.0,187,9267,1001,814
245,27,44,245.0,30.0,188,9992,1001,813
245,30,44,245.0,30.0,185,11075,493,308
245,33,44,245.0,30.0,188,12158,518,330
254,33,45,255.0,30.0,197,12167,1001,804
257,29,45,255.0,30.0,198,10726,387,189
258,34,45,255.0,30.0,202,12532,392,190
252,31,45,255.0,30.0,193,11443,604,411
257,27,45,255.0,30.0,200,10004,442,242
257,31,45,255.0,30.0,198,11448,391,193
257,32,45,255.0,30.0,199,11809,351,152
256,33,45,255.0,30.0,199,12169,1001,802
253,33,45,255.0,30.0,196,12166,1001,805
250,34,45,255.0,30.0,194,12524,549,355
268,33,46,265.0,30.0,211,12181,433,222
269,30,46,265.0,30.0,209,11099,415,206
261,28,46,265.0,30.0,203,10369,384,181
269,25,46,265.0,30.0,214,9294,1001,787
262,25,46,265.0,30.0,207,9287,397,190
262,29,46,265.0,30.0,203,10731,358,155
260,26,46,265.0,30.0,204,9646,479,275
261,34,46,265.0,30.0,205,12535,373,168
261,27,46,265.0,30.0,204,10008,395,191
264,30,46,265.0,30.0,204,11094,359,155
272,28,47,275.0,30.0,214,10380,1001,787
273,32,47,275.0,30.0,215,11825,486,271
276,29,47,275.0,30.0,217,10745,473,256
277,26,47,275.0,30.0,221,9663,432,211
272,26,47,275.0,30.0,216,9658,429,213
279,27,47,275.0,30.0,222,10026,612,390
272,32,47,275.0,30.0,214,11824,397,183
272,26,47,275.0,30.0,216,9658,427,211
274,33,47,275.0,30.0,217,12187,487,270
271,28,47,275.0,30.0,213,10379,438,225
284,26,48,285.0,30.0,228,9670,580,352
282,28,48,285.0,30.0,224,10390,576,352
283,25,48,285.0,30.0,228,9308,642,414
289,27,48,285.0,30.0,232,10036,618,386
287,26,48,285.0,30.0,231,9673,635,404
281,31,48,285.0,30.0,222,11472,502,280
286,25,48,285.0,30.0,231,9311,651,420
283,32,48,285.0,30.0,225,11835,644,419
281,25,48,285.0,30.0,226,9306,439,213
287,29,48,285.0,30.0,228,10756,632,404
297,32,49,295.0,30.0,239,11849,600,361
297,30,49,295.0,30.0,237,11127,584,347
292,34,49,295.0,30.0,236,12566,692,456
298,29,49,295.0,30.0,239,10767,594,355
295,28,49,295.0,30.0,237,10403,1001,764
298,30,49,295.0,30.0,238,11128,1001,763
298,27,49,295.0,30.0,241,10045,587,346
292,28,49,295.0,30.0,234,10400,616,382
295,25,49,295.0,30.0,240,9320,557,317
290,30,49,295.0,30.0,230,11120,652,422
300,27,50,305.0,30.0,243,10047,697,454
309,34,50,305.0,30.0,253,12583,1001,748
303,33,50,305.0,30.0,246,12216,624,378
301,26,50,305.0,30.0,245,9687,575,330
305,27,50,305.0,30.0,248,10052,1001,753
300,34,50,305.0,30.0,244,12574,595,351
302,27,50,305.0,30.0,245,10049,568,323
309,29,50,305.0,30.0,250,10778,1001,751
306,32,50,305.0,30.0,248,11858,1001,753
302,31,50,305.0,30.0,243,11493,575,332
311,25,51,312.5,30.0,256,9336,1001,745
311,31,51,312.5,30.0,252,11502,1001,749
311,27,51,312.5,30.0,254,10058,1001,747
310,33,51,312.5,30.0,253,12223,615,362
313,33,51,312.5,30.0,256,12226,1001,745
310,26,51,312.5,30.0,254,9696,1001,747
314,29,51,312.5,30.0,255,10783,1001,746
312,25,51,312.5,30.0,257,9337,637,380
310,27,51,312.5,30.0,253,10057,1001,748
310,26,51,312.5,30.0,254,9696,1001,747
65,41,52,65.0,40.0,16,14866,1001,985
60,44,52,65.0,40.0,14,15944,93,79
67,44,52,65.0,40.0,21,15951,1001,980
63,37,52,65.0,40.0,10,13420,79,69
60,38,52,65.0,40.0,8,13778,46,38
64,36,52,65.0,40.0,10,13060,13,3
60,40,52,65.0,40.0,10,14500,1001,991
68,41,52,65.0,40.0,19,14869,60,41
63,41,52,65.0,40.0,14,14864,49,35
66,38,52,65.0,40.0,14,13784,48,34
79,41,53,75.0,40.0,30,14880,63,33
79,39,53,75.0,40.0,28,14158,356,328
72,42,53,75.0,40.0,24,15234,89,65
79,39,53,75.0,40.0,28,14158,42,14
71,42,53,75.0,40.0,23,15233,193,170
75,44,53,75.0,40.0,29,15959,234,205
77,40,53,75.0,40.0,27,14517,120,93
72,44,53,75.0,40.0,26,15956,1001,975
70,43,53,75.0,40.0,23,15593,166,143
72,39,53,75.0,40.0,21,14151,42,21
83,40,54,85.0,40.0,33,14523,141,108
83,37,54,85.0,40.0,30,13440,138,108
89,39,54,85.0,40.0,38,14168,1001,963
83,36,54,85.0,40.0,29,13079,384,355
83,42,54,85.0,40.0,35,15245,87,52
86,37,54,85.0,40.0,33,13443,1001,968
87,38,54,85.0,40.0,35,13805,1001,966
83,44,54,85.0,40.0,37,15967,125,88
84,36,54,85.0,40.0,30,13080,175,145
88,44,54,85.0,40.0,42,15972,977,935
94,39,55,95.0,40.0,43,14173,1001,958
97,37,55,95.0,40.0,44,13454,1001,957
93,43,55,95.0,40.0,46,15616,1000,954
93,44,55,95.0,40.0,47,15977,972,925
95,35,55,95.0,40.0,40,12730,1001,961
92,41,55,95.0,40.0,43,14893,1001,958
98,35,55,95.0,40.0,43,12733,1001,958
92,42,55,95.0,40.0,44,15254,1001,957
97,35,55,95.0,40.0,42,12732,1001,959
91,41,55,95.0,40.0,42,14892,996,954
101,42,56,105.0,40.0,53,15263,1001,948
102,35,56,105.0,40.0,47,12737,976,929
106,39,56,105.0,40.0,55,14185,961,906
101,41,56,105.0,40.0,52,14902,984,932
101,40,56,105.0,40.0,51,14541,972,921
106,35,56,105.0,40.0,51,12741,1001,950
108,39,56,105.0,40.0,57,14187,1001,944
105,43,56,105.0,40.0,58,15628,995,937
103,36,56,105.0,40.0,49,13099,988,939
102,39,56,105.0,40.0,51,14181,990,939
115,42,57,115.0,40.0,67,15277,928,861
117,38,57,115.0,40.0,65,13835,910,845
114,43,57,115.0,40.0,67,15637,905,838
118,35,57,115.0,40.0,63,12753,934,871
110,37,57,115.0,40.0,57,13467,982,925
118,37,57,115.0,40.0,65,13475,905,840
115,41,57,115.0,40.0,66,14916,934,868
116,42,57,115.0,40.0,68,15278,923,855
113,40,57,115.0,40.0,63,14553,949,886
114,41,57,115.0,40.0,65,14915,930,865
125,41,58,125.0,40.0,76,14926,941,865
120,43,58,125.0,40.0,73,15643,904,831
125,35,58,125.0,40.0,70,12760,881,811
125,40,58,125.0,40.0,75,14565,894,819
120,39,58,125.0,40.0,69,14199,932,863
125,43,58,125.0,40.0,78,15648,965,887
126,39,58,125.0,40.0,75,14205,899,824
121,38,58,125.0,40.0,69,13839,885,816
125,37,58,125.0,40.0,72,13482,913,841
124,35,58,125.0,40.0,69,12759,890,821
136,39,59,135.0,40.0,85,14215,833,748
135,37,59,135.0,40.0,82,13492,843,761
135,37,59,135.0,40.0,82,13492,843,761
132,42,59,135.0,40.0,84,15294,907,823
136,39,59,135.0,40.0,85,14215,833,748
137,42,59,135.0,40.0,89,15299,829,740
130,42,59,135.0,40.0,82,15292,950,868
135,35,59,135.0,40.0,80,12770,869,789
135,38,59,135.0,40.0,83,13853,835,752
130,36,59,135.0,40.0,76,13126,856,780
141,41,60,145.0,40.0,92,14942,869,777
143,37,60,145.0,40.0,90,13500,869,779
148,42,60,145.0,40.0,100,15310,871,771
145,43,60,145.0,40.0,98,15668,890,792
141,35,60,145.0,40.0,86,12776,838,752
146,38,60,145.0,40.0,94,13864,852,758
145,35,60,145.0,40.0,90,12780,834,744
148,35,60,145.0,40.0,93,12783,795,702
143,44,60,145.0,40.0,97,16027,863,766
143,35,60,145.0,40.0,88,12778,826,738
159,44,61,155.0,40.0,113,16043,852,739
156,36,61,155.0,40.0,102,13152,786,684
154,40,61,155.0,40.0,104,14594,847,743
153,44,61,155.0,40.0,107,16037,1001,894
151,38,61,155.0,40.0,99,13869,820,721
153,35,61,155.0,40.0,98,12788,790,692
154,39,61,155.0,40.0,103,14233,821,718
152,41,61,155.0,40.0,103,14953,886,783
151,36,61,155.0,40.0,97,13147,823,726
156,35,61,155.0,40.0,101,12791,787,686
165,39,62,165.0,40.0,114,14244,797,683
165,35,62,165.0,40.0,110,12800,842,732
163,41,62,165.0,40.0,114,14964,843,729
166,38,62,165.0,40.0,114,13884,787,673
161,38,62,165.0,40.0,109,13879,782,673
169,42,62,165.0,40.0,121,15331,765,644
165,35,62,165.0,40.0,110,12800,819,709
169,39,62,165.0,40.0,118,14248,804,686
168,36,62,165.0,40.0,114,13164,789,675
160,39,62,165.0,40.0,109,14239,779,670
171,37,63,175.0,40.0,118,13528,791,673
176,37,63,175.0,40.0,123,13533,777,654
171,35,63,175.0,40.0,116,12806,800,684
177,43,63,175.0,40.0,130,15700,802,672
174,35,63,175.0,40.0,119,12809,761,642
171,38,63,175.0,40.0,119,13889,787,668
177,36,63,175.0,40.0,123,13173,771,648
175,41,63,175.0,40.0,126,14976,795,669
176,38,63,175.0,40.0,124,13894,767,643
175,38,63,175.0,40.0,123,13893,776,653
182,35,64,185.0,40.0,127,12817,448,321
188,35,64,185.0,40.0,133,12823,259,126
181,37,64,185.0,40.0,128,13538,267,139
180,42,64,185.0,40.0,132,15342,268,136
184,35,64,185.0,40.0,129,12819,281,152
189,41,64,185.0,40.0,140,14990,434,294
180,44,64,185.0,40.0,134,16064,796,662
182,41,64,185.0,40.0,133,14983,441,308
187,40,64,185.0,40.0,137,14627,263,126
183,39,64,185.0,40.0,132,14262,271,139
191,39,65,195.0,40.0,140,14270,300,160
196,41,65,195.0,40.0,147,14997,331,184
191,38,65,195.0,40.0,139,13909,1001,862
197,43,65,195.0,40.0,150,15720,339,189
190,38,65,195.0,40.0,138,13908,274,136
195,41,65,195.0,40.0,146,14996,315,169
195,42,65,195.0,40.0,147,15357,330,183
190,43,65,195.0,40.0,143,15713,332,189
191,36,65,195.0,40.0,137,13187,318,181
190,43,65,195.0,40.0,143,15713,286,143
208,42,66,205.0,40.0,160,15370,342,182
201,40,66,205.0,40.0,151,14641,350,199
204,41,66,205.0,40.0,155,15005,332,177
203,36,66,205.0,40.0,149,13199,434,285
207,40,66,205.0,40.0,157,14647,382,225
202,39,66,205.0,40.0,151,14281,448,297
202,39,66,205.0,40.0,151,14281,415,264
201,44,66,205.0,40.0,155,16085,282,127
203,43,66,205.0,40.0,156,15726,334,178
203,35,66,205.0,40.0,148,12838,1001,853
212,41,67,215.0,40.0,163,15013,343,180
210,41,67,215.0,40.0,161,15011,365,204
214,43,67,215.0,40.0,167,15737,295,128
215,39,67,215.0,40.0,164,14294,394,230
211,36,67,215.0,40.0,157,13207,1001,844
212,39,67,215.0,40.0,161,14291,385,224
217,40,67,215.0,40.0,167,14657,345,178
212,38,67,215.0,40.0,160,13930,335,175
219,41,67,215.0,40.0,170,15020,411,241
218,38,67,215.0,40.0,166,13936,355,189
229,36,68,225.0,40.0,175,13225,1001,826
223,42,68,225.0,40.0,175,15385,422,247
224,40,68,225.0,40.0,174,14664,375,201
226,35,68,225.0,40.0,171,12861,1001,830
223,40,68,225.0,40.0,173,14663,359,186
228,43,68,225.0,40.0,181,15751,309,128
222,35,68,225.0,40.0,167,12857,1001,834
222,35,68,225.0,40.0,167,12857,1001,834
225,41,68,225.0,40.0,176,15026,355,179
224,40,68,225.0,40.0,174,14664,355,181
237,38,69,235.0,40.0,185,13955,367,182
230,42,69,235.0,40.0,182,15392,412,230
239,39,69,235.0,40.0,188,14318,363,175
232,36,69,235.0,40.0,178,13228,461,283
238,36,69,235.0,40.0,184,13234,471,287
233,35,69,235.0,40.0,178,12868,448,270
236,41,69,235.0,40.0,187,15037,388,201
230,40,69,235.0,40.0,180,14670,408,228
238,39,69,235.0,40.0,187,14317,364,177
232,42,69,235.0,40.0,184,15394,386,202
245,40,70,245.0,40.0,195,14685,395,200
242,35,70,245.0,40.0,187,12877,503,316
244,42,70,245.0,40.0,196,15406,360,164
247,36,70,245.0,40.0,193,13243,1001,808
244,41,70,245.0,40.0,195,15045,476,281
241,38,70,245.0,40.0,189,13959,528,339
240,38,70,245.0,40.0,188,13958,345,157
249,38,70,245.0,40.0,197,13967,356,159
242,44,70,245.0,40.0,196,16126,450,254
241,35,70,245.0,40.0,186,12876,1001,815
258,43,71,255.0,40.0,211,15781,339,128
255,37,71,255.0,40.0,202,13612,461,259
255,35,71,255.0,40.0,200,12890,437,237
255,44,71,255.0,40.0,209,16139,488,279
257,35,71,255.0,40.0,202,12892,368,166
256,43,71,255.0,40.0,209,15779,337,128
258,41,71,255.0,40.0,209,15059,424,215
259,40,71,255.0,40.0,209,14699,396,187
258,38,71,255.0,40.0,206,13976,383,177
255,43,71,255.0,40.0,208,15778,336,128
266,41,72,265.0,40.0,217,15067,496,279
262,43,72,265.0,40.0,215,15785,1001,786
263,44,72,265.0,40.0,217,16147,454,237
269,41,72,265.0,40.0,220,15070,497,277
268,42,72,265.0,40.0,220,15430,564,344
268,44,72,265.0,40.0,222,16152,1001,779
260,37,72,265.0,40.0,207,13617,348,141
266,39,72,265.0,40.0,215,14345,423,208
260,35,72,265.0,40.0,205,12895,380,175
261,38,72,265.0,40.0,209,13979,362,153
278,42,73,275.0,40.0,230,15440,617,387
278,35,73,275.0,40.0,223,12913,1001,778
274,43,73,275.0,40.0,227,15797,1001,774
272,44,73,275.0,40.0,226,16156,1001,775
279,37,73,275.0,40.0,226,13636,544,318
274,38,73,275.0,40.0,222,13992,432,210
274,37,73,275.0,40.0,221,13631,599,378
275,42,73,275.0,40.0,227,15437,601,374
279,39,73,275.0,40.0,228,14358,556,328
277,43,73,275.0,40.0,230,15800,1001,771
289,37,74,285.0,40.0,236,13646,524,288
282,35,74,285.0,40.0,227,12917,603,376
280,43,74,285.0,40.0,233,15803,1001,768
284,38,74,285.0,40.0,232,14002,533,301
288,37,74,285.0,40.0,235,13645,586,351
281,42,74,285.0,40.0,233,15443,1001,768
282,35,74,285.0,40.0,227,12917,658,431
288,35,74,285.0,40.0,233,12923,557,324
285,42,74,285.0,40.0,237,15447,624,387
282,39,74,285.0,40.0,231,14361,540,309
293,35,75,295.0,40.0,238,12928,699,461
293,42,75,295.0,40.0,245,15455,543,298
293,36,75,295.0,40.0,239,13289,606,367
295,40,75,295.0,40.0,245,14735,550,305
291,38,75,295.0,40.0,239,14009,569,330
298,41,75,295.0,40.0,249,15099,528,279
298,44,75,295.0,40.0,252,16182,532,280
291,35,75,295.0,40.0,236,12926,1001,765
299,40,75,295.0,40.0,249,14739,574,325
299,37,75,295.0,40.0,246,13656,643,397
308,40,76,305.0,40.0,258,14748,1001,743
300,36,76,305.0,40.0,246,13296,1001,755
302,43,76,305.0,40.0,255,15825,570,315
309,43,76,305.0,40.0,262,15832,561,299
301,39,76,305.0,40.0,250,14380,586,336
305,41,76,305.0,40.0,256,15106,624,368
303,35,76,305.0,40.0,248,12938,1001,753
300,39,76,305.0,40.0,249,14379,553,304
306,37,76,305.0,40.0,253,13663,1001,748
301,38,76,305.0,40.0,249,14019,642,393
313,43,77,312.5,40.0,266,15836,1001,735
310,35,77,312.5,40.0,255,12945,1001,746
312,40,77,312.5,40.0,262,14752,577,315
313,40,77,312.5,40.0,263,14753,1001,738
313,40,77,312.5,40.0,263,14753,1001,738
310,40,77,312.5,40.0,260,14750,563,303
312,35,77,312.5,40.0,257,12947,1001,744
313,40,77,312.5,40.0,263,14753,602,339
312,37,77,312.5,40.0,259,13669,1001,742
312,44,77,312.5,40.0,266,16196,587,321
