x,y,cell,cell_x,cell_y,opt_traj,point_id,steps_taken,extra_steps
60,19,0,65.0,20.0,11,6919,228,217
60,19,0,65.0,20.0,11,6919,26,15
64,20,0,65.0,20.0,14,7284,41,27
61,19,0,65.0,20.0,12,6920,197,185
63,19,0,65.0,20.0,14,6922,214,200
62,24,0,65.0,20.0,8,8726,57,49
64,15,0,65.0,20.0,19,5479,100,81
68,23,0,65.0,20.0,15,8371,48,33
63,16,0,65.0,20.0,17,5839,188,171
68,15,0,65.0,20.0,23,5483,119,96
75,20,1,75.0,20.0,25,7295,93,68
72,17,1,75.0,20.0,25,6209,69,44
76,17,1,75.0,20.0,29,6213,67,38
76,16,1,75.0,20.0,30,5852,99,69
76,16,1,75.0,20.0,30,5852,75,45
75,23,1,75.0,20.0,22,8378,59,37
72,20,1,75.0,20.0,22,7292,51,29
71,18,1,75.0,20.0,23,6569,79,56
72,20,1,75.0,20.0,22,7292,45,23
71,15,1,75.0,20.0,26,5486,60,34
86,21,2,85.0,20.0,35,7667,61,26
81,19,2,85.0,20.0,32,6940,109,77
81,24,2,85.0,20.0,27,8745,95,68
88,16,2,85.0,20.0,42,5864,67,25
85,20,2,85.0,20.0,35,7305,108,73
85,18,2,85.0,20.0,37,6583,109,72
87,22,2,85.0,20.0,35,8029,64,29
81,15,2,85.0,20.0,36,5496,267,231
85,18,2,85.0,20.0,37,6583,107,70
89,22,2,85.0,20.0,37,8031,105,68
91,23,3,95.0,20.0,38,8394,90,52
95,23,3,95.0,20.0,42,8398,70,28
97,18,3,95.0,20.0,49,6595,90,41
91,20,3,95.0,20.0,41,7311,130,89
90,20,3,95.0,20.0,40,7310,162,122
90,19,3,95.0,20.0,41,6949,62,21
96,15,3,95.0,20.0,51,5511,95,44
92,18,3,95.0,20.0,44,6590,66,22
98,18,3,95.0,20.0,50,6596,132,82
97,21,3,95.0,20.0,46,7678,80,34
106,16,4,105.0,20.0,60,5882,143,83
107,18,4,105.0,20.0,59,6605,94,35
109,24,4,105.0,20.0,55,8773,105,50
107,24,4,105.0,20.0,53,8771,76,23
100,19,4,105.0,20.0,51,6959,81,30
107,17,4,105.0,20.0,60,6244,137,77
109,15,4,105.0,20.0,64,5524,135,71
107,21,4,105.0,20.0,56,7688,145,89
106,17,4,105.0,20.0,59,6243,120,61
102,16,4,105.0,20.0,56,5878,128,72
117,24,5,115.0,20.0,63,8781,149,86
118,21,5,115.0,20.0,67,7699,1001,934
115,23,5,115.0,20.0,62,8418,103,41
113,23,5,115.0,20.0,60,8416,1001,941
112,16,5,115.0,20.0,66,5888,164,98
110,23,5,115.0,20.0,57,8413,109,52
119,22,5,115.0,20.0,67,8061,143,76
119,22,5,115.0,20.0,67,8061,135,68
119,23,5,115.0,20.0,66,8422,99,33
111,17,5,115.0,20.0,64,6248,1001,937
129,15,6,125.0,20.0,84,5544,128,44
125,17,6,125.0,20.0,78,6262,120,42
127,21,6,125.0,20.0,76,7708,123,47
125,18,6,125.0,20.0,77,6623,155,78
123,24,6,125.0,20.0,69,8787,102,33
128,22,6,125.0,20.0,76,8070,166,90
128,17,6,125.0,20.0,81,6265,135,54
123,18,6,125.0,20.0,75,6621,149,74
124,16,6,125.0,20.0,78,5900,157,79
125,16,6,125.0,20.0,79,5901,113,34
133,24,7,135.0,20.0,79,8797,1001,922
137,22,7,135.0,20.0,85,8079,187,102
133,18,7,135.0,20.0,85,6631,130,45
130,16,7,135.0,20.0,84,5906,149,65
132,23,7,135.0,20.0,79,8435,127,48
137,24,7,135.0,20.0,83,8801,113,30
139,15,7,135.0,20.0,94,5554,146,52
136,20,7,135.0,20.0,86,7356,135,49
139,23,7,135.0,20.0,86,8442,116,30
135,15,7,135.0,20.0,90,5550,149,59
140,15,8,145.0,20.0,95,5555,172,77
145,19,8,145.0,20.0,96,7004,139,43
145,23,8,145.0,20.0,92,8448,128,36
144,21,8,145.0,20.0,93,7725,136,43
147,22,8,145.0,20.0,95,8089,153,58
145,23,8,145.0,20.0,92,8448,128,36
145,24,8,145.0,20.0,91,8809,123,32
145,22,8,145.0,20.0,93,8087,164,71
149,21,8,145.0,20.0,98,7730,134,36
141,16,8,145.0,20.0,95,5917,197,102
151,22,9,155.0,20.0,99,8093,162,63
153,21,9,155.0,20.0,102,7734,165,63
155,22,9,155.0,20.0,103,8097,139,36
151,15,9,155.0,20.0,106,5566,176,70
154,24,9,155.0,20.0,100,8818,174,74
153,20,9,155.0,20.0,103,7373,304,201
150,18,9,155.0,20.0,102,6648,1001,899
159,15,9,155.0,20.0,114,5574,314,200
156,17,9,155.0,20.0,109,6293,145,36
159,19,9,155.0,20.0,110,7018,151,41
165,23,10,165.0,20.0,112,8468,188,76
163,18,10,165.0,20.0,115,6661,1001,886
162,16,10,165.0,20.0,116,5938,188,72
164,22,10,165.0,20.0,112,8106,1001,889
160,19,10,165.0,20.0,111,7019,138,27
161,21,10,165.0,20.0,110,7742,160,50
166,24,10,165.0,20.0,112,8830,137,25
165,24,10,165.0,20.0,111,8829,264,153
162,17,10,165.0,20.0,115,6299,172,57
160,23,10,165.0,20.0,107,8463,150,43
170,24,11,175.0,20.0,116,8834,216,100
177,21,11,175.0,20.0,126,7758,1001,875
173,23,11,175.0,20.0,120,8476,1001,881
175,22,11,175.0,20.0,123,8117,162,39
172,17,11,175.0,20.0,125,6309,161,36
178,24,11,175.0,20.0,124,8842,207,83
177,20,11,175.0,20.0,127,7397,225,98
173,15,11,175.0,20.0,128,5588,197,69
178,17,11,175.0,20.0,131,6315,179,48
178,17,11,175.0,20.0,131,6315,225,94
181,24,12,185.0,20.0,127,8845,1001,874
182,15,12,185.0,20.0,137,5597,1001,864
188,20,12,185.0,20.0,138,7408,1001,863
185,18,12,185.0,20.0,137,6683,1001,864
183,24,12,185.0,20.0,129,8847,1001,872
180,15,12,185.0,20.0,135,5595,201,66
180,22,12,185.0,20.0,128,8122,173,45
184,20,12,185.0,20.0,134,7404,1001,867
188,15,12,185.0,20.0,143,5603,1001,858
187,15,12,185.0,20.0,142,5602,1001,859
192,18,13,195.0,20.0,144,6690,1001,857
193,19,13,195.0,20.0,144,7052,1001,857
193,18,13,195.0,20.0,145,6691,1001,856
197,24,13,195.0,20.0,143,8861,1001,858
197,22,13,195.0,20.0,145,8139,1001,856
192,21,13,195.0,20.0,141,7773,1001,860
192,20,13,195.0,20.0,142,7412,1001,859
192,23,13,195.0,20.0,139,8495,1001,862
195,22,13,195.0,20.0,143,8137,1001,858
192,24,13,195.0,20.0,138,8856,1001,863
208,17,14,205.0,20.0,161,6345,1001,840
200,22,14,205.0,20.0,148,8142,1001,853
203,20,14,205.0,20.0,153,7423,1001,848
204,22,14,205.0,20.0,152,8146,1001,849
208,21,14,205.0,20.0,157,7789,1001,844
205,23,14,205.0,20.0,152,8508,1001,849
201,21,14,205.0,20.0,150,7782,1001,851
200,16,14,205.0,20.0,154,5976,1001,847
209,17,14,205.0,20.0,162,6346,1001,839
208,21,14,205.0,20.0,157,7789,1001,844
211,22,15,215.0,20.0,159,8153,1001,842
213,20,15,215.0,20.0,163,7433,1001,838
211,23,15,215.0,20.0,158,8514,1001,843
218,23,15,215.0,20.0,165,8521,1001,836
210,20,15,215.0,20.0,160,7430,1001,841
210,16,15,215.0,20.0,164,5986,1001,837
211,16,15,215.0,20.0,165,5987,1001,836
212,20,15,215.0,20.0,162,7432,1001,839
215,19,15,215.0,20.0,166,7074,1001,835
214,15,15,215.0,20.0,169,5629,1001,832
221,22,16,225.0,20.0,169,8163,1001,832
227,23,16,225.0,20.0,174,8530,1001,827
226,16,16,225.0,20.0,180,6002,1001,821
226,20,16,225.0,20.0,176,7446,1001,825
220,19,16,225.0,20.0,171,7079,1001,830
226,17,16,225.0,20.0,179,6363,1001,822
228,21,16,225.0,20.0,177,7809,1001,824
227,23,16,225.0,20.0,174,8530,1001,827
223,21,16,225.0,20.0,172,7804,334,162
222,17,16,225.0,20.0,175,6359,281,106
236,16,17,235.0,20.0,190,6012,1001,811
234,19,17,235.0,20.0,185,7093,1001,816
234,23,17,235.0,20.0,181,8537,1001,820
230,20,17,235.0,20.0,180,7450,1001,821
231,23,17,235.0,20.0,178,8534,1001,823
237,17,17,235.0,20.0,190,6374,1001,811
232,17,17,235.0,20.0,185,6369,1001,816
233,16,17,235.0,20.0,187,6009,1001,814
234,20,17,235.0,20.0,184,7454,1001,817
231,17,17,235.0,20.0,184,6368,1001,817
244,16,18,245.0,20.0,198,6020,1001,803
241,22,18,245.0,20.0,189,8183,1001,812
248,20,18,245.0,20.0,198,7468,1001,803
240,18,18,245.0,20.0,192,6738,1001,809
240,20,18,245.0,20.0,190,7460,1001,811
247,19,18,245.0,20.0,198,7106,1001,803
249,18,18,245.0,20.0,201,6747,1001,800
248,21,18,245.0,20.0,197,7829,1001,804
241,21,18,245.0,20.0,190,7822,1001,811
247,21,18,245.0,20.0,196,7828,1001,805
255,22,19,255.0,20.0,203,8197,1001,798
258,24,19,255.0,20.0,204,8922,1001,797
255,17,19,255.0,20.0,208,6392,1001,793
250,15,19,255.0,20.0,205,5665,1001,796
251,21,19,255.0,20.0,200,7832,1001,801
259,23,19,255.0,20.0,206,8562,1001,795
251,21,19,255.0,20.0,200,7832,1001,801
253,19,19,255.0,20.0,204,7112,1001,797
255,22,19,255.0,20.0,203,8197,1001,798
258,16,19,255.0,20.0,212,6034,1001,789
262,22,20,265.0,20.0,210,8204,1001,791
263,19,20,265.0,20.0,214,7122,1001,787
265,16,20,265.0,20.0,219,6041,1001,782
266,22,20,265.0,20.0,214,8208,360,146
260,22,20,265.0,20.0,208,8202,1001,793
264,22,20,265.0,20.0,212,8206,353,141
269,22,20,265.0,20.0,217,8211,1001,784
260,15,20,265.0,20.0,215,5675,1001,786
265,19,20,265.0,20.0,216,7124,408,192
268,19,20,265.0,20.0,219,7127,1001,782
274,20,21,275.0,20.0,224,7494,1001,777
275,18,21,275.0,20.0,227,6773,1001,774
270,15,21,275.0,20.0,225,5685,1001,776
279,17,21,275.0,20.0,232,6416,1001,769
272,17,21,275.0,20.0,225,6409,1001,776
271,24,21,275.0,20.0,217,8935,1001,784
273,15,21,275.0,20.0,228,5688,1001,773
277,15,21,275.0,20.0,232,5692,1001,769
279,23,21,275.0,20.0,226,8582,1001,775
275,20,21,275.0,20.0,225,7495,1001,776
284,17,22,285.0,20.0,237,6421,374,137
286,21,22,285.0,20.0,235,7867,1001,766
289,16,22,285.0,20.0,243,6065,414,171
282,21,22,285.0,20.0,231,7863,1001,770
280,22,22,285.0,20.0,228,8222,342,114
287,20,22,285.0,20.0,237,7507,420,183
280,15,22,285.0,20.0,235,5695,1001,766
288,17,22,285.0,20.0,241,6425,1001,760
283,18,22,285.0,20.0,235,6781,1001,766
285,24,22,285.0,20.0,231,8949,371,140
291,18,23,295.0,20.0,243,6789,413,170
297,18,23,295.0,20.0,249,6795,397,148
290,20,23,295.0,20.0,240,7510,439,199
290,23,23,295.0,20.0,237,8593,386,149
296,19,23,295.0,20.0,247,7155,1001,754
295,22,23,295.0,20.0,243,8237,1001,758
291,18,23,295.0,20.0,243,6789,1001,758
298,24,23,295.0,20.0,244,8962,1001,757
292,23,23,295.0,20.0,239,8595,1001,762
295,15,23,295.0,20.0,250,5710,1001,751
309,17,24,305.0,20.0,262,6446,1001,739
304,21,24,305.0,20.0,253,7885,1001,748
303,19,24,305.0,20.0,254,7162,1001,747
303,16,24,305.0,20.0,257,6079,1001,744
309,19,24,305.0,20.0,260,7168,1001,741
309,23,24,305.0,20.0,256,8612,1001,745
302,20,24,305.0,20.0,252,7522,1001,749
304,17,24,305.0,20.0,257,6441,432,175
308,17,24,305.0,20.0,261,6445,454,193
307,15,24,305.0,20.0,262,5722,1001,739
313,15,25,312.5,20.0,268,5728,1001,733
313,20,25,312.5,20.0,263,7533,1001,738
310,24,25,312.5,20.0,256,8974,1001,745
310,18,25,312.5,20.0,262,6808,1001,739
314,18,25,312.5,20.0,266,6812,1001,735
314,18,25,312.5,20.0,266,6812,1001,735
311,17,25,312.5,20.0,264,6448,1001,737
312,16,25,312.5,20.0,266,6088,1001,735
310,22,25,312.5,20.0,258,8252,1001,743
312,24,25,312.5,20.0,258,8976,1001,743
66,34,26,65.0,30.0,10,12340,42,32
60,25,26,65.0,30.0,5,9085,19,14
69,27,26,65.0,30.0,12,9816,30,18
66,28,26,65.0,30.0,8,10174,1001,993
66,26,26,65.0,30.0,10,9452,78,68
67,34,26,65.0,30.0,11,12341,50,39
69,34,26,65.0,30.0,13,12343,37,24
60,31,26,65.0,30.0,1,11251,2,1
63,30,26,65.0,30.0,3,10893,93,90
64,26,26,65.0,30.0,8,9450,45,37
75,27,27,75.0,30.0,18,9822,28,10
79,30,27,75.0,30.0,19,10909,59,40
77,32,27,75.0,30.0,19,11629,25,6
74,29,27,75.0,30.0,15,10543,81,66
78,29,27,75.0,30.0,19,10547,28,9
78,25,27,75.0,30.0,23,9103,75,52
76,29,27,75.0,30.0,17,10545,28,11
71,31,27,75.0,30.0,12,11262,29,17
76,31,27,75.0,30.0,17,11267,32,15
75,26,27,75.0,30.0,19,9461,51,32
85,27,28,85.0,30.0,28,9832,65,37
81,32,28,85.0,30.0,23,11633,48,25
87,25,28,85.0,30.0,32,9112,64,32
82,26,28,85.0,30.0,26,9468,97,71
85,28,28,85.0,30.0,27,10193,68,41
86,34,28,85.0,30.0,30,12360,50,20
89,28,28,85.0,30.0,31,10197,96,65
88,32,28,85.0,30.0,30,11640,50,20
87,28,28,85.0,30.0,29,10195,80,51
85,30,28,85.0,30.0,25,10915,42,17
91,29,29,95.0,30.0,32,10560,61,29
98,27,29,95.0,30.0,41,9845,66,25
94,27,29,95.0,30.0,37,9841,94,57
90,33,29,95.0,30.0,33,12003,43,10
93,27,29,95.0,30.0,36,9840,64,28
99,26,29,95.0,30.0,43,9485,99,56
97,31,29,95.0,30.0,38,11288,63,25
96,30,29,95.0,30.0,36,10926,56,20
92,34,29,95.0,30.0,36,12366,55,19
99,33,29,95.0,30.0,42,12012,89,47
101,27,30,105.0,30.0,44,9848,1001,957
101,27,30,105.0,30.0,44,9848,125,81
107,31,30,105.0,30.0,48,11298,69,21
107,28,30,105.0,30.0,49,10215,199,150
101,25,30,105.0,30.0,46,9126,183,137
108,26,30,105.0,30.0,52,9494,128,76
104,26,30,105.0,30.0,48,9490,65,17
104,29,30,105.0,30.0,45,10573,74,29
105,30,30,105.0,30.0,45,10935,89,44
106,33,30,105.0,30.0,49,12019,80,31
116,28,31,115.0,30.0,58,10224,98,40
111,32,31,115.0,30.0,53,11663,119,66
115,31,31,115.0,30.0,56,11306,202,146
114,34,31,115.0,30.0,58,12388,90,32
118,32,31,115.0,30.0,60,11670,93,33
116,25,31,115.0,30.0,61,9141,97,36
119,33,31,115.0,30.0,62,12032,122,60
115,31,31,115.0,30.0,56,11306,171,115
118,27,31,115.0,30.0,61,9865,182,121
115,28,31,115.0,30.0,57,10223,116,59
127,27,32,125.0,30.0,70,9874,1001,931
129,27,32,125.0,30.0,72,9876,109,37
121,33,32,125.0,30.0,64,12034,86,22
128,33,32,125.0,30.0,71,12041,140,69
121,29,32,125.0,30.0,62,10590,123,61
129,28,32,125.0,30.0,71,10237,121,50
128,33,32,125.0,30.0,71,12041,91,20
125,31,32,125.0,30.0,66,11316,151,85
124,30,32,125.0,30.0,64,10954,108,44
126,31,32,125.0,30.0,67,11317,146,79
137,33,33,135.0,30.0,80,12050,193,113
132,25,33,135.0,30.0,77,9157,140,63
130,30,33,135.0,30.0,70,10960,109,39
137,27,33,135.0,30.0,80,9884,115,35
132,31,33,135.0,30.0,73,11323,169,96
137,31,33,135.0,30.0,78,11328,122,44
131,28,33,135.0,30.0,73,10239,147,74
130,29,33,135.0,30.0,71,10599,135,64
137,26,33,135.0,30.0,81,9523,1001,920
138,29,33,135.0,30.0,79,10607,217,138
145,30,34,145.0,30.0,85,10975,179,94
146,30,34,145.0,30.0,86,10976,145,59
144,31,34,145.0,30.0,85,11335,118,33
147,32,34,145.0,30.0,89,11699,158,69
146,27,34,145.0,30.0,89,9893,166,77
146,33,34,145.0,30.0,89,12059,161,72
146,34,34,145.0,30.0,90,12420,132,42
142,33,34,145.0,30.0,85,12055,150,65
148,30,34,145.0,30.0,88,10978,152,64
145,34,34,145.0,30.0,89,12419,157,68
156,25,35,155.0,30.0,101,9181,139,38
156,33,35,155.0,30.0,99,12069,158,59
155,29,35,155.0,30.0,96,10624,141,45
156,30,35,155.0,30.0,96,10986,161,65
154,29,35,155.0,30.0,95,10623,1001,906
156,26,35,155.0,30.0,100,9542,144,44
152,29,35,155.0,30.0,93,10621,219,126
157,30,35,155.0,30.0,97,10987,146,49
152,26,35,155.0,30.0,96,9538,140,44
152,32,35,155.0,30.0,94,11704,119,25
169,26,36,165.0,30.0,113,9555,146,33
165,27,36,165.0,30.0,108,9912,1001,893
165,34,36,165.0,30.0,109,12439,153,44
160,33,36,165.0,30.0,103,12073,136,33
164,34,36,165.0,30.0,108,12438,180,72
162,25,36,165.0,30.0,107,9187,238,131
166,26,36,165.0,30.0,110,9552,196,86
169,30,36,165.0,30.0,109,10999,1001,892
161,32,36,165.0,30.0,103,11713,1001,898
169,31,36,165.0,30.0,110,11360,174,64
178,29,37,175.0,30.0,119,10647,264,145
170,27,37,175.0,30.0,113,9917,183,70
170,33,37,175.0,30.0,113,12083,172,59
173,34,37,175.0,30.0,117,12447,1001,884
178,25,37,175.0,30.0,123,9203,272,149
170,32,37,175.0,30.0,112,11722,149,37
178,34,37,175.0,30.0,122,12452,150,28
170,28,37,175.0,30.0,112,10278,1001,889
173,30,37,175.0,30.0,113,11003,206,93
175,29,37,175.0,30.0,116,10644,174,58
189,28,38,185.0,30.0,131,10297,1001,870
180,32,38,185.0,30.0,122,11732,248,126
180,32,38,185.0,30.0,122,11732,182,60
185,28,38,185.0,30.0,127,10293,1001,874
183,31,38,185.0,30.0,124,11374,1001,877
184,31,38,185.0,30.0,125,11375,1001,876
181,31,38,185.0,30.0,122,11372,1001,879
182,25,38,185.0,30.0,127,9207,1001,874
189,29,38,185.0,30.0,130,10658,1001,871
181,34,38,185.0,30.0,125,12455,160,35
196,33,39,195.0,30.0,139,12109,1001,862
192,27,39,195.0,30.0,135,9939,1001,866
196,31,39,195.0,30.0,137,11387,1001,864
196,30,39,195.0,30.0,136,11026,1001,865
195,28,39,195.0,30.0,137,10303,1001,864
192,31,39,195.0,30.0,133,11383,1001,868
195,27,39,195.0,30.0,138,9942,1001,863
197,25,39,195.0,30.0,142,9222,1001,859
192,26,39,195.0,30.0,136,9578,1001,865
191,28,39,195.0,30.0,133,10299,1001,868
205,28,40,205.0,30.0,147,10313,1001,854
205,30,40,205.0,30.0,145,11035,1001,856
200,32,40,205.0,30.0,142,11752,1001,859
201,34,40,205.0,30.0,145,12475,1001,856
206,29,40,205.0,30.0,147,10675,1001,854
209,26,40,205.0,30.0,153,9595,1001,848
202,28,40,205.0,30.0,144,10310,1001,857
202,28,40,205.0,30.0,144,10310,1001,857
205,33,40,205.0,30.0,148,12118,1001,853
202,26,40,205.0,30.0,146,9588,1001,855
213,32,41,215.0,30.0,155,11765,1001,846
217,26,41,215.0,30.0,161,9603,1001,840
216,28,41,215.0,30.0,158,10324,1001,843
217,32,41,215.0,30.0,159,11769,1001,842
219,32,41,215.0,30.0,161,11771,1001,840
218,30,41,215.0,30.0,158,11048,1001,843
212,31,41,215.0,30.0,153,11403,1001,848
214,31,41,215.0,30.0,155,11405,1001,846
214,29,41,215.0,30.0,155,10683,1001,846
219,32,41,215.0,30.0,161,11771,1001,840
229,33,42,225.0,30.0,172,12142,1001,829
229,31,42,225.0,30.0,170,11420,334,164
227,25,42,225.0,30.0,172,9252,1001,829
221,27,42,225.0,30.0,164,9968,1001,837
221,31,42,225.0,30.0,162,11412,1001,839
223,25,42,225.0,30.0,168,9248,1001,833
222,25,42,225.0,30.0,167,9247,1001,834
225,33,42,225.0,30.0,168,12138,1001,833
222,27,42,225.0,30.0,165,9969,1001,836
226,26,42,225.0,30.0,170,9612,1001,831
234,28,43,235.0,30.0,176,10342,1001,825
234,28,43,235.0,30.0,176,10342,1001,825
239,25,43,235.0,30.0,184,9264,339,155
237,28,43,235.0,30.0,179,10345,1001,822
233,33,43,235.0,30.0,176,12146,1001,825
230,32,43,235.0,30.0,172,11782,1001,829
236,31,43,235.0,30.0,177,11427,1001,824
231,28,43,235.0,30.0,173,10339,1001,828
236,29,43,235.0,30.0,177,10705,374,197
233,27,43,235.0,30.0,176,9980,1001,825
240,33,44,245.0,30.0,183,12153,1001,818
242,29,44,245.0,30.0,183,10711,1001,818
248,29,44,245.0,30.0,189,10717,1001,812
248,30,44,245.0,30.0,188,11078,1001,813
246,31,44,245.0,30.0,187,11437,1001,814
249,30,44,245.0,30.0,189,11079,1001,812
249,28,44,245.0,30.0,191,10357,360,169
240,33,44,245.0,30.0,183,12153,1001,818
249,32,44,245.0,30.0,191,11801,1001,810
249,33,44,245.0,30.0,192,12162,391,199
254,28,45,255.0,30.0,196,10362,1001,805
258,31,45,255.0,30.0,199,11449,383,184
257,29,45,255.0,30.0,198,10726,1001,803
254,26,45,255.0,30.0,198,9640,1001,803
255,25,45,255.0,30.0,200,9280,1001,801
258,32,45,255.0,30.0,200,11810,346,146
253,32,45,255.0,30.0,195,11805,398,203
255,31,45,255.0,30.0,196,11446,1001,805
252,30,45,255.0,30.0,192,11082,1001,809
253,34,45,255.0,30.0,197,12527,366,169
265,32,46,265.0,30.0,207,11817,1001,794
264,32,46,265.0,30.0,206,11816,1001,795
264,28,46,265.0,30.0,206,10372,1001,795
262,26,46,265.0,30.0,206,9648,1001,795
264,34,46,265.0,30.0,208,12538,402,194
269,28,46,265.0,30.0,211,10377,1001,790
269,28,46,265.0,30.0,211,10377,1001,790
267,28,46,265.0,30.0,209,10375,1001,792
260,34,46,265.0,30.0,204,12534,342,138
261,27,46,265.0,30.0,204,10008,1001,797
275,32,47,275.0,30.0,217,11827,354,137
273,31,47,275.0,30.0,214,11464,444,230
270,28,47,275.0,30.0,212,10378,401,189
271,32,47,275.0,30.0,213,11823,1001,788
276,29,47,275.0,30.0,217,10745,1001,784
277,25,47,275.0,30.0,222,9302,1001,779
271,28,47,275.0,30.0,213,10379,1001,788
273,29,47,275.0,30.0,214,10742,1001,787
276,31,47,275.0,30.0,217,11467,1001,784
279,26,47,275.0,30.0,223,9665,1001,778
284,34,48,285.0,30.0,228,12558,1001,773
283,31,48,285.0,30.0,224,11474,449,225
289,34,48,285.0,30.0,233,12563,423,190
282,28,48,285.0,30.0,224,10390,1001,777
286,33,48,285.0,30.0,229,12199,444,215
285,28,48,285.0,30.0,227,10393,364,137
283,29,48,285.0,30.0,224,10752,415,191
284,33,48,285.0,30.0,227,12197,394,167
289,33,48,285.0,30.0,232,12202,1001,769
284,27,48,285.0,30.0,227,10031,1001,774
292,30,49,295.0,30.0,232,11122,1001,769
298,28,49,295.0,30.0,240,10406,1001,761
295,28,49,295.0,30.0,237,10403,1001,764
299,32,49,295.0,30.0,241,11851,1001,760
292,26,49,295.0,30.0,236,9678,1001,765
297,25,49,295.0,30.0,242,9322,374,132
294,25,49,295.0,30.0,239,9319,1001,762
292,34,49,295.0,30.0,236,12566,444,208
297,31,49,295.0,30.0,238,11488,396,158
292,34,49,295.0,30.0,236,12566,1001,765
302,30,50,305.0,30.0,242,11132,1001,759
303,29,50,305.0,30.0,244,10772,1001,757
305,29,50,305.0,30.0,246,10774,407,161
300,27,50,305.0,30.0,243,10047,1001,758
303,30,50,305.0,30.0,243,11133,439,196
302,34,50,305.0,30.0,246,12576,1001,755
301,33,50,305.0,30.0,244,12214,1001,757
304,30,50,305.0,30.0,244,11134,1001,757
306,33,50,305.0,30.0,249,12219,1001,752
303,27,50,305.0,30.0,246,10050,1001,755
313,30,51,312.5,30.0,253,11143,1001,748
311,25,51,312.5,30.0,256,9336,1001,745
310,32,51,312.5,30.0,252,11862,1001,749
313,29,51,312.5,30.0,254,10782,1001,747
313,28,51,312.5,30.0,255,10421,1001,746
312,29,51,312.5,30.0,253,10781,1001,748
312,30,51,312.5,30.0,252,11142,1001,749
314,30,51,312.5,30.0,254,11144,1001,747
310,32,51,312.5,30.0,252,11862,1001,749
313,26,51,312.5,30.0,257,9699,1001,744
62,41,52,65.0,40.0,13,14863,59,46
68,37,52,65.0,40.0,15,13425,34,19
63,36,52,65.0,40.0,9,13059,51,42
67,44,52,65.0,40.0,21,15951,65,44
63,39,52,65.0,40.0,12,14142,70,58
61,43,52,65.0,40.0,14,15584,55,41
67,41,52,65.0,40.0,18,14868,63,45
60,41,52,65.0,40.0,11,14861,84,73
67,37,52,65.0,40.0,14,13424,24,10
63,39,52,65.0,40.0,12,14142,65,53
79,39,53,75.0,40.0,28,14158,55,27
72,43,53,75.0,40.0,25,15595,96,71
70,42,53,75.0,40.0,22,15232,91,69
79,38,53,75.0,40.0,27,13797,81,54
77,42,53,75.0,40.0,29,15239,84,55
76,41,53,75.0,40.0,27,14877,184,157
76,41,53,75.0,40.0,27,14877,82,55
78,38,53,75.0,40.0,26,13796,104,78
76,37,53,75.0,40.0,23,13433,86,63
78,38,53,75.0,40.0,26,13796,110,84
81,43,54,85.0,40.0,34,15604,140,106
82,39,54,85.0,40.0,31,14161,69,38
86,38,54,85.0,40.0,34,13804,44,10
80,39,54,85.0,40.0,29,14159,58,29
82,36,54,85.0,40.0,28,13078,72,44
87,37,54,85.0,40.0,34,13444,107,73
83,38,54,85.0,40.0,31,13801,43,12
81,37,54,85.0,40.0,28,13438,77,49
82,38,54,85.0,40.0,30,13800,33,3
83,43,54,85.0,40.0,36,15606,100,64
95,38,55,95.0,40.0,43,13813,87,44
95,44,55,95.0,40.0,49,15979,124,75
93,40,55,95.0,40.0,43,14533,102,59
99,40,55,95.0,40.0,49,14539,155,106
97,37,55,95.0,40.0,44,13454,97,53
99,35,55,95.0,40.0,44,12734,121,77
98,36,55,95.0,40.0,44,13094,80,36
96,35,55,95.0,40.0,41,12731,59,18
92,43,55,95.0,40.0,45,15615,127,82
93,44,55,95.0,40.0,47,15977,155,108
100,37,56,105.0,40.0,47,13457,61,14
102,39,56,105.0,40.0,51,14181,86,35
109,44,56,105.0,40.0,63,15993,113,50
109,38,56,105.0,40.0,57,13827,87,30
105,36,56,105.0,40.0,51,13101,95,44
105,42,56,105.0,40.0,57,15267,131,74
101,40,56,105.0,40.0,51,14541,112,61
103,36,56,105.0,40.0,49,13099,110,61
109,38,56,105.0,40.0,57,13827,121,64
108,35,56,105.0,40.0,53,12743,76,23
113,41,57,115.0,40.0,64,14914,196,132
116,35,57,115.0,40.0,61,12751,79,18
114,39,57,115.0,40.0,63,14193,1001,938
118,37,57,115.0,40.0,65,13475,89,24
118,39,57,115.0,40.0,67,14197,100,33
111,41,57,115.0,40.0,62,14912,112,50
119,44,57,115.0,40.0,73,16003,133,60
115,43,57,115.0,40.0,68,15638,171,103
110,36,57,115.0,40.0,56,13106,91,35
115,35,57,115.0,40.0,60,12750,81,21
123,40,58,125.0,40.0,73,14563,128,55
121,39,58,125.0,40.0,70,14200,136,66
122,38,58,125.0,40.0,70,13840,101,31
123,40,58,125.0,40.0,73,14563,105,32
123,40,58,125.0,40.0,73,14563,1001,928
122,41,58,125.0,40.0,73,14923,232,159
126,37,58,125.0,40.0,73,13483,90,17
125,39,58,125.0,40.0,74,14204,148,74
129,35,58,125.0,40.0,74,12764,1001,927
122,43,58,125.0,40.0,75,15645,108,33
138,41,59,135.0,40.0,89,14939,149,60
131,42,59,135.0,40.0,83,15293,132,49
133,43,59,135.0,40.0,86,15656,154,68
133,43,59,135.0,40.0,86,15656,1001,915
134,41,59,135.0,40.0,85,14935,1001,916
130,39,59,135.0,40.0,79,14209,130,51
139,40,59,135.0,40.0,89,14579,133,44
139,38,59,135.0,40.0,87,13857,99,12
139,38,59,135.0,40.0,87,13857,159,72
133,44,59,135.0,40.0,87,16017,158,71
148,37,60,145.0,40.0,95,13505,120,25
143,37,60,145.0,40.0,90,13500,135,45
147,41,60,145.0,40.0,98,14948,112,14
140,38,60,145.0,40.0,88,13858,102,14
146,39,60,145.0,40.0,95,14225,213,118
143,43,60,145.0,40.0,96,15666,120,24
148,44,60,145.0,40.0,102,16032,280,178
145,36,60,145.0,40.0,91,13141,103,12
140,37,60,145.0,40.0,87,13497,111,24
149,41,60,145.0,40.0,100,14950,1001,901
150,37,61,155.0,40.0,97,13507,124,27
157,41,61,155.0,40.0,108,14958,148,40
153,36,61,155.0,40.0,99,13149,160,61
153,41,61,155.0,40.0,104,14954,175,71
156,44,61,155.0,40.0,110,16040,1001,891
153,41,61,155.0,40.0,104,14954,187,83
151,44,61,155.0,40.0,105,16035,170,65
159,40,61,155.0,40.0,109,14599,156,47
150,42,61,155.0,40.0,102,15312,183,81
151,37,61,155.0,40.0,98,13508,137,39
164,43,62,165.0,40.0,117,15687,271,154
166,38,62,165.0,40.0,114,13884,163,49
165,36,62,165.0,40.0,111,13161,145,34
168,44,62,165.0,40.0,122,16052,177,55
164,38,62,165.0,40.0,112,13882,126,14
161,35,62,165.0,40.0,106,12796,162,56
169,35,62,165.0,40.0,114,12804,1001,887
163,35,62,165.0,40.0,108,12798,136,28
161,38,62,165.0,40.0,109,13879,123,14
160,44,62,165.0,40.0,114,16044,1001,887
175,38,63,175.0,40.0,123,13893,150,27
176,38,63,175.0,40.0,124,13894,183,59
176,42,63,175.0,40.0,128,15338,1001,873
178,42,63,175.0,40.0,130,15340,1001,871
171,39,63,175.0,40.0,120,14250,171,51
171,44,63,175.0,40.0,125,16055,183,58
172,38,63,175.0,40.0,120,13890,1001,881
176,38,63,175.0,40.0,124,13894,146,22
176,35,63,175.0,40.0,121,12811,139,18
173,38,63,175.0,40.0,121,13891,151,30
186,39,64,185.0,40.0,135,14265,1001,866
189,42,64,185.0,40.0,141,15351,1001,860
181,39,64,185.0,40.0,130,14260,1001,871
183,38,64,185.0,40.0,131,13901,1001,870
188,44,64,185.0,40.0,142,16072,1001,859
184,37,64,185.0,40.0,131,13541,1001,870
181,38,64,185.0,40.0,129,13899,1001,872
181,42,64,185.0,40.0,133,15343,1001,868
188,39,64,185.0,40.0,137,14267,1001,864
189,40,64,185.0,40.0,139,14629,1001,862
195,41,65,195.0,40.0,146,14996,1001,855
197,35,65,195.0,40.0,142,12832,1001,859
196,42,65,195.0,40.0,148,15358,1001,853
195,35,65,195.0,40.0,140,12830,1001,861
190,35,65,195.0,40.0,135,12825,1001,866
190,35,65,195.0,40.0,135,12825,1001,866
197,44,65,195.0,40.0,151,16081,1001,850
199,42,65,195.0,40.0,151,15361,1001,850
197,36,65,195.0,40.0,143,13193,1001,858
199,38,65,195.0,40.0,147,13917,1001,854
209,42,66,205.0,40.0,161,15371,1001,840
209,40,66,205.0,40.0,159,14649,1001,842
207,36,66,205.0,40.0,153,13203,1001,848
203,36,66,205.0,40.0,149,13199,1001,852
208,43,66,205.0,40.0,161,15731,1001,840
208,39,66,205.0,40.0,157,14287,1001,844
204,41,66,205.0,40.0,155,15005,1001,846
209,38,66,205.0,40.0,157,13927,1001,844
203,43,66,205.0,40.0,156,15726,1001,845
205,40,66,205.0,40.0,155,14645,1001,846
217,39,67,215.0,40.0,166,14296,1001,835
219,44,67,215.0,40.0,173,16103,1001,828
211,41,67,215.0,40.0,162,15012,1001,839
216,40,67,215.0,40.0,166,14656,1001,835
213,39,67,215.0,40.0,162,14292,1001,839
214,39,67,215.0,40.0,163,14293,1001,838
214,43,67,215.0,40.0,167,15737,1001,834
218,36,67,215.0,40.0,164,13214,1001,837
210,35,67,215.0,40.0,155,12845,1001,846
218,43,67,215.0,40.0,171,15741,346,175
223,39,68,225.0,40.0,172,14302,1001,829
222,35,68,225.0,40.0,167,12857,1001,834
227,36,68,225.0,40.0,173,13223,1001,828
228,35,68,225.0,40.0,173,12863,1001,828
225,39,68,225.0,40.0,174,14304,1001,827
229,37,68,225.0,40.0,176,13586,1001,825
224,40,68,225.0,40.0,174,14664,1001,827
229,39,68,225.0,40.0,178,14308,1001,823
226,37,68,225.0,40.0,173,13583,1001,828
229,38,68,225.0,40.0,177,13947,1001,824
239,37,69,235.0,40.0,186,13596,364,178
235,39,69,235.0,40.0,184,14314,1001,817
235,42,69,235.0,40.0,187,15397,1001,814
239,37,69,235.0,40.0,186,13596,382,196
230,35,69,235.0,40.0,175,12865,1001,826
237,39,69,235.0,40.0,186,14316,1001,815
237,36,69,235.0,40.0,183,13233,337,154
237,44,69,235.0,40.0,191,16121,1001,810
234,39,69,235.0,40.0,183,14313,1001,818
231,41,69,235.0,40.0,182,15032,1001,819
244,42,70,245.0,40.0,196,15406,366,170
249,43,70,245.0,40.0,202,15772,343,141
245,37,70,245.0,40.0,192,13602,354,162
240,44,70,245.0,40.0,194,16124,329,135
249,40,70,245.0,40.0,199,14689,362,163
245,43,70,245.0,40.0,198,15768,1001,803
241,42,70,245.0,40.0,193,15403,1001,808
248,37,70,245.0,40.0,195,13605,419,224
245,37,70,245.0,40.0,192,13602,437,245
246,35,70,245.0,40.0,191,12881,409,218
253,43,71,255.0,40.0,206,15776,398,192
258,40,71,255.0,40.0,208,14698,393,185
257,38,71,255.0,40.0,205,13975,407,202
256,40,71,255.0,40.0,206,14696,364,158
258,40,71,255.0,40.0,208,14698,388,180
250,35,71,255.0,40.0,195,12885,1001,806
255,36,71,255.0,40.0,201,13251,1001,800
259,38,71,255.0,40.0,207,13977,479,272
256,40,71,255.0,40.0,206,14696,361,155
252,40,71,255.0,40.0,202,14692,392,190
269,35,72,265.0,40.0,214,12904,1001,787
267,38,72,265.0,40.0,215,13985,396,181
263,39,72,265.0,40.0,212,14342,410,198
264,36,72,265.0,40.0,210,13260,453,243
261,39,72,265.0,40.0,210,14340,422,212
260,38,72,265.0,40.0,208,13978,1001,793
267,44,72,265.0,40.0,221,16151,399,178
263,36,72,265.0,40.0,209,13259,407,198
262,35,72,265.0,40.0,207,12897,1001,794
267,39,72,265.0,40.0,216,14346,372,156
270,36,73,275.0,40.0,216,13266,400,184
270,36,73,275.0,40.0,216,13266,1001,785
271,38,73,275.0,40.0,219,13989,427,208
270,44,73,275.0,40.0,224,16154,368,144
277,43,73,275.0,40.0,230,15800,1001,771
270,38,73,275.0,40.0,218,13988,434,216
279,40,73,275.0,40.0,229,14719,386,157
274,43,73,275.0,40.0,227,15797,372,145
270,38,73,275.0,40.0,218,13988,493,275
279,41,73,275.0,40.0,230,15080,386,156
283,42,74,285.0,40.0,235,15445,416,181
282,35,74,285.0,40.0,227,12917,485,258
282,37,74,285.0,40.0,229,13639,421,192
289,37,74,285.0,40.0,236,13646,1001,765
288,38,74,285.0,40.0,236,14006,1001,765
280,44,74,285.0,40.0,234,16164,373,139
289,40,74,285.0,40.0,239,14729,1001,762
281,38,74,285.0,40.0,229,13999,430,201
280,40,74,285.0,40.0,230,14720,390,160
282,41,74,285.0,40.0,233,15083,427,194
293,36,75,295.0,40.0,239,13289,397,158
295,37,75,295.0,40.0,242,13652,1001,759
294,38,75,295.0,40.0,242,14012,435,193
295,39,75,295.0,40.0,244,14374,413,169
290,42,75,295.0,40.0,242,15452,1001,759
297,36,75,295.0,40.0,243,13293,404,161
295,40,75,295.0,40.0,245,14735,438,193
298,37,75,295.0,40.0,245,13655,398,153
297,44,75,295.0,40.0,251,16181,391,140
297,36,75,295.0,40.0,243,13293,393,150
304,38,76,305.0,40.0,252,14022,1001,749
307,36,76,305.0,40.0,253,13303,1001,748
307,41,76,305.0,40.0,258,15108,1001,743
306,42,76,305.0,40.0,258,15468,1001,743
303,37,76,305.0,40.0,250,13660,1001,751
303,38,76,305.0,40.0,251,14021,1001,750
308,40,76,305.0,40.0,258,14748,438,180
304,35,76,305.0,40.0,249,12939,403,154
307,44,76,305.0,40.0,261,16191,1001,740
302,39,76,305.0,40.0,251,14381,410,159
313,35,77,312.5,40.0,258,12948,1001,743
310,38,77,312.5,40.0,258,14028,1001,743
312,38,77,312.5,40.0,260,14030,1001,741
310,35,77,312.5,40.0,255,12945,1001,746
312,39,77,312.5,40.0,261,14391,1001,740
312,43,77,312.5,40.0,265,15835,418,153
312,43,77,312.5,40.0,265,15835,422,157
313,39,77,312.5,40.0,262,14392,453,191
310,41,77,312.5,40.0,261,15111,1001,740
310,41,77,312.5,40.0,261,15111,1001,740
