x,y,cell,cell_x,cell_y,opt_traj,point_id,steps_taken,extra_steps
63,19,0,65.0,20.0,14,6922,1001,987
64,17,0,65.0,20.0,17,6201,122,105
69,23,0,65.0,20.0,16,8372,55,39
63,18,0,65.0,20.0,15,6561,415,400
63,23,0,65.0,20.0,10,8366,1001,991
62,18,0,65.0,20.0,14,6560,1001,987
60,19,0,65.0,20.0,11,6919,92,81
67,24,0,65.0,20.0,13,8731,35,22
63,22,0,65.0,20.0,11,8005,89,78
66,16,0,65.0,20.0,20,5842,108,88
75,22,1,75.0,20.0,23,8017,64,41
74,24,1,75.0,20.0,20,8738,57,37
78,22,1,75.0,20.0,26,8020,51,25
73,23,1,75.0,20.0,20,8376,71,51
71,23,1,75.0,20.0,18,8374,112,94
79,22,1,75.0,20.0,27,8021,67,40
76,16,1,75.0,20.0,30,5852,161,131
70,15,1,75.0,20.0,25,5485,106,81
75,21,1,75.0,20.0,24,7656,121,97
75,24,1,75.0,20.0,21,8739,151,130
84,18,2,85.0,20.0,36,6582,146,110
87,17,2,85.0,20.0,40,6224,143,103
84,17,2,85.0,20.0,37,6221,156,119
83,22,2,85.0,20.0,31,8025,68,37
81,17,2,85.0,20.0,34,6218,163,129
82,17,2,85.0,20.0,35,6219,144,109
85,18,2,85.0,20.0,37,6583,55,18
83,21,2,85.0,20.0,32,7664,64,32
82,22,2,85.0,20.0,30,8024,101,71
85,21,2,85.0,20.0,34,7666,83,49
90,17,3,95.0,20.0,43,6227,164,121
95,24,3,95.0,20.0,41,8759,75,34
98,23,3,95.0,20.0,45,8401,81,36
99,16,3,95.0,20.0,53,5875,152,99
96,21,3,95.0,20.0,45,7677,105,60
97,17,3,95.0,20.0,50,6234,160,110
93,23,3,95.0,20.0,40,8396,78,38
93,19,3,95.0,20.0,44,6952,116,72
95,23,3,95.0,20.0,42,8398,75,33
93,24,3,95.0,20.0,39,8757,66,27
104,18,4,105.0,20.0,56,6602,93,37
107,15,4,105.0,20.0,62,5522,144,82
101,22,4,105.0,20.0,49,8043,98,49
109,19,4,105.0,20.0,60,6968,86,26
105,15,4,105.0,20.0,60,5520,149,89
104,22,4,105.0,20.0,52,8046,90,38
104,24,4,105.0,20.0,50,8768,155,105
103,18,4,105.0,20.0,55,6601,119,64
109,18,4,105.0,20.0,61,6607,167,106
107,16,4,105.0,20.0,61,5883,165,104
112,19,5,115.0,20.0,63,6971,124,61
115,16,5,115.0,20.0,69,5891,156,87
114,16,5,115.0,20.0,68,5890,164,96
110,16,5,115.0,20.0,64,5886,156,92
110,24,5,115.0,20.0,56,8774,77,21
115,15,5,115.0,20.0,70,5530,156,86
117,18,5,115.0,20.0,69,6615,128,59
118,15,5,115.0,20.0,73,5533,162,89
112,21,5,115.0,20.0,61,7693,101,40
117,24,5,115.0,20.0,63,8781,174,111
124,20,6,125.0,20.0,74,7344,183,109
129,22,6,125.0,20.0,77,8071,144,67
126,23,6,125.0,20.0,73,8429,112,39
127,20,6,125.0,20.0,77,7347,127,50
127,19,6,125.0,20.0,78,6986,207,129
125,20,6,125.0,20.0,75,7345,157,82
126,18,6,125.0,20.0,78,6624,107,29
128,17,6,125.0,20.0,81,6265,222,141
123,22,6,125.0,20.0,71,8065,133,62
125,24,6,125.0,20.0,71,8789,130,59
137,20,7,135.0,20.0,87,7357,136,49
139,16,7,135.0,20.0,93,5915,202,109
134,19,7,135.0,20.0,85,6993,196,111
138,15,7,135.0,20.0,93,5553,182,89
133,21,7,135.0,20.0,82,7714,111,29
135,23,7,135.0,20.0,82,8438,168,86
131,22,7,135.0,20.0,79,8073,125,46
133,17,7,135.0,20.0,86,6270,166,80
132,23,7,135.0,20.0,79,8435,185,106
136,24,7,135.0,20.0,82,8800,147,65
140,24,8,145.0,20.0,86,8804,122,36
140,24,8,145.0,20.0,86,8804,173,87
148,22,8,145.0,20.0,96,8090,179,83
143,20,8,145.0,20.0,93,7363,161,68
146,18,8,145.0,20.0,98,6644,227,129
140,21,8,145.0,20.0,89,7721,141,52
148,22,8,145.0,20.0,96,8090,166,70
149,17,8,145.0,20.0,102,6286,220,118
145,22,8,145.0,20.0,93,8087,169,76
141,21,8,145.0,20.0,90,7722,186,96
150,23,9,155.0,20.0,97,8453,249,152
157,23,9,155.0,20.0,104,8460,215,111
153,15,9,155.0,20.0,108,5568,204,96
157,20,9,155.0,20.0,107,7377,186,79
152,18,9,155.0,20.0,104,6650,220,116
153,20,9,155.0,20.0,103,7373,220,117
156,17,9,155.0,20.0,109,6293,158,49
159,23,9,155.0,20.0,106,8462,298,192
154,17,9,155.0,20.0,107,6291,147,40
155,17,9,155.0,20.0,108,6292,143,35
166,20,10,165.0,20.0,116,7386,170,54
160,19,10,165.0,20.0,111,7019,165,54
168,15,10,165.0,20.0,123,5583,217,94
164,16,10,165.0,20.0,118,5940,206,88
167,15,10,165.0,20.0,122,5582,230,108
164,24,10,165.0,20.0,110,8828,180,70
161,24,10,165.0,20.0,107,8825,158,51
168,15,10,165.0,20.0,123,5583,221,98
167,15,10,165.0,20.0,122,5582,219,97
169,23,10,165.0,20.0,116,8472,326,210
172,24,11,175.0,20.0,118,8836,383,265
179,21,11,175.0,20.0,128,7760,178,50
177,19,11,175.0,20.0,128,7036,172,44
174,21,11,175.0,20.0,123,7755,169,46
173,21,11,175.0,20.0,122,7754,159,37
170,15,11,175.0,20.0,125,5585,219,94
175,21,11,175.0,20.0,124,7756,240,116
172,17,11,175.0,20.0,125,6309,221,96
173,19,11,175.0,20.0,124,7032,189,65
174,16,11,175.0,20.0,128,5950,235,107
189,21,12,185.0,20.0,138,7770,1001,863
181,24,12,185.0,20.0,127,8845,1001,874
181,23,12,185.0,20.0,128,8484,1001,873
182,24,12,185.0,20.0,128,8846,1001,873
184,16,12,185.0,20.0,138,5960,1001,863
182,16,12,185.0,20.0,136,5958,1001,865
181,15,12,185.0,20.0,136,5596,258,122
187,19,12,185.0,20.0,138,7046,1001,863
189,17,12,185.0,20.0,142,6326,1001,859
189,15,12,185.0,20.0,144,5604,247,103
193,23,13,195.0,20.0,140,8496,294,154
195,17,13,195.0,20.0,148,6332,1001,853
194,20,13,195.0,20.0,144,7414,1001,857
199,16,13,195.0,20.0,153,5975,1001,848
196,22,13,195.0,20.0,144,8138,1001,857
197,20,13,195.0,20.0,147,7417,1001,854
190,16,13,195.0,20.0,144,5966,1001,857
195,21,13,195.0,20.0,144,7776,1001,857
190,18,13,195.0,20.0,142,6688,281,139
192,24,13,195.0,20.0,138,8856,1001,863
206,19,14,205.0,20.0,157,7065,1001,844
200,19,14,205.0,20.0,151,7059,1001,850
200,24,14,205.0,20.0,146,8864,264,118
201,20,14,205.0,20.0,151,7421,1001,850
202,24,14,205.0,20.0,148,8866,271,123
208,23,14,205.0,20.0,155,8511,1001,846
205,21,14,205.0,20.0,154,7786,263,109
209,19,14,205.0,20.0,160,7068,1001,841
203,21,14,205.0,20.0,152,7784,1001,849
203,22,14,205.0,20.0,151,8145,277,126
216,23,15,215.0,20.0,163,8519,1001,838
214,21,15,215.0,20.0,163,7795,1001,838
218,15,15,215.0,20.0,173,5633,267,94
219,18,15,215.0,20.0,171,6717,288,117
210,22,15,215.0,20.0,158,8152,1001,843
212,19,15,215.0,20.0,163,7071,316,153
212,21,15,215.0,20.0,161,7793,1001,840
218,19,15,215.0,20.0,169,7077,1001,832
218,22,15,215.0,20.0,166,8160,281,115
217,23,15,215.0,20.0,164,8520,275,111
223,15,16,225.0,20.0,178,5638,272,94
228,20,16,225.0,20.0,178,7448,307,129
225,23,16,225.0,20.0,172,8528,343,171
221,16,16,225.0,20.0,175,5997,267,92
229,19,16,225.0,20.0,180,7088,1001,821
227,23,16,225.0,20.0,174,8530,289,115
226,17,16,225.0,20.0,179,6363,292,113
223,17,16,225.0,20.0,176,6360,1001,825
226,16,16,225.0,20.0,180,6002,1001,821
223,18,16,225.0,20.0,175,6721,277,102
235,22,17,235.0,20.0,183,8177,1001,818
236,16,17,235.0,20.0,190,6012,1001,811
239,17,17,235.0,20.0,192,6376,1001,809
232,23,17,235.0,20.0,179,8535,1001,822
235,15,17,235.0,20.0,190,5650,1001,811
230,16,17,235.0,20.0,184,6006,1001,817
236,17,17,235.0,20.0,189,6373,1001,812
235,17,17,235.0,20.0,188,6372,1001,813
238,17,17,235.0,20.0,191,6375,1001,810
235,23,17,235.0,20.0,182,8538,1001,819
240,23,18,245.0,20.0,187,8543,1001,814
240,24,18,245.0,20.0,186,8904,304,118
246,19,18,245.0,20.0,197,7105,1001,804
248,21,18,245.0,20.0,197,7829,1001,804
247,16,18,245.0,20.0,201,6023,1001,800
246,16,18,245.0,20.0,200,6022,433,233
244,16,18,245.0,20.0,198,6020,1001,803
241,24,18,245.0,20.0,187,8905,329,142
246,24,18,245.0,20.0,192,8910,358,166
244,17,18,245.0,20.0,197,6381,1001,804
259,21,19,255.0,20.0,208,7840,1001,793
253,19,19,255.0,20.0,204,7112,1001,797
256,22,19,255.0,20.0,204,8198,1001,797
256,22,19,255.0,20.0,204,8198,1001,797
252,15,19,255.0,20.0,207,5667,433,226
253,16,19,255.0,20.0,207,6029,1001,794
252,24,19,255.0,20.0,198,8916,363,165
252,17,19,255.0,20.0,205,6389,1001,796
257,22,19,255.0,20.0,205,8199,469,264
259,20,19,255.0,20.0,209,7479,1001,792
262,21,20,265.0,20.0,211,7843,1001,790
266,19,20,265.0,20.0,217,7125,1001,784
269,19,20,265.0,20.0,220,7128,1001,781
263,20,20,265.0,20.0,213,7483,1001,788
264,20,20,265.0,20.0,214,7484,1001,787
262,17,20,265.0,20.0,215,6399,1001,786
261,15,20,265.0,20.0,216,5676,1001,785
268,22,20,265.0,20.0,216,8210,1001,785
260,24,20,265.0,20.0,206,8924,329,123
265,20,20,265.0,20.0,215,7485,1001,786
273,22,21,275.0,20.0,221,8215,1001,780
279,19,21,275.0,20.0,230,7138,1001,771
271,23,21,275.0,20.0,218,8574,1001,783
270,18,21,275.0,20.0,222,6768,1001,779
273,20,21,275.0,20.0,223,7493,1001,778
274,15,21,275.0,20.0,229,5689,1001,772
277,15,21,275.0,20.0,232,5692,1001,769
272,21,21,275.0,20.0,221,7853,1001,780
277,21,21,275.0,20.0,226,7858,417,191
270,22,21,275.0,20.0,218,8212,1001,783
282,23,22,285.0,20.0,229,8585,1001,772
281,15,22,285.0,20.0,236,5696,1001,765
287,21,22,285.0,20.0,236,7868,1001,765
288,22,22,285.0,20.0,236,8230,378,142
280,23,22,285.0,20.0,227,8583,406,179
283,20,22,285.0,20.0,233,7503,1001,768
289,20,22,285.0,20.0,239,7509,414,175
282,20,22,285.0,20.0,232,7502,1001,769
287,15,22,285.0,20.0,242,5702,473,231
285,21,22,285.0,20.0,234,7866,1001,767
298,20,23,295.0,20.0,248,7518,410,162
299,17,23,295.0,20.0,252,6436,475,223
298,17,23,295.0,20.0,251,6435,510,259
298,21,23,295.0,20.0,247,7879,396,149
295,21,23,295.0,20.0,244,7876,1001,757
297,20,23,295.0,20.0,247,7517,418,171
296,15,23,295.0,20.0,251,5711,474,223
297,16,23,295.0,20.0,251,6073,506,255
294,16,23,295.0,20.0,248,6070,442,194
298,24,23,295.0,20.0,244,8962,454,210
305,18,24,305.0,20.0,257,6803,457,200
307,21,24,305.0,20.0,256,7888,1001,745
308,17,24,305.0,20.0,261,6445,472,211
306,19,24,305.0,20.0,257,7165,444,187
305,24,24,305.0,20.0,251,8969,1001,750
309,23,24,305.0,20.0,256,8612,1001,745
302,22,24,305.0,20.0,250,8244,1001,751
302,20,24,305.0,20.0,252,7522,445,193
305,17,24,305.0,20.0,258,6442,507,249
309,24,24,305.0,20.0,255,8973,1001,746
312,23,25,312.5,20.0,259,8615,1001,742
312,17,25,312.5,20.0,265,6449,443,178
310,18,25,312.5,20.0,262,6808,453,191
313,18,25,312.5,20.0,265,6811,489,224
310,16,25,312.5,20.0,264,6086,523,259
310,18,25,312.5,20.0,262,6808,481,219
311,24,25,312.5,20.0,257,8975,1001,744
310,15,25,312.5,20.0,265,5725,489,224
312,17,25,312.5,20.0,265,6449,443,178
314,18,25,312.5,20.0,266,6812,487,221
61,28,26,65.0,30.0,3,10169,82,79
61,30,26,65.0,30.0,1,10891,4,3
65,29,26,65.0,30.0,6,10534,61,55
68,27,26,65.0,30.0,11,9815,40,29
61,27,26,65.0,30.0,4,9808,37,33
60,27,26,65.0,30.0,3,9807,17,14
62,30,26,65.0,30.0,2,10892,81,79
65,26,26,65.0,30.0,9,9451,28,19
60,30,26,65.0,30.0,0,10890,14,14
69,26,26,65.0,30.0,13,9455,55,42
79,32,27,75.0,30.0,21,11631,53,32
78,28,27,75.0,30.0,20,10186,66,46
78,25,27,75.0,30.0,23,9103,72,49
76,32,27,75.0,30.0,18,11628,56,38
79,29,27,75.0,30.0,20,10548,61,41
70,28,27,75.0,30.0,12,10178,42,30
75,34,27,75.0,30.0,19,12349,21,2
79,32,27,75.0,30.0,21,11631,44,23
75,25,27,75.0,30.0,20,9100,90,70
70,31,27,75.0,30.0,11,11261,59,48
88,25,28,85.0,30.0,33,9113,74,41
86,31,28,85.0,30.0,27,11277,54,27
84,34,28,85.0,30.0,28,12358,66,38
84,26,28,85.0,30.0,28,9470,53,25
89,26,28,85.0,30.0,33,9475,59,26
80,29,28,85.0,30.0,21,10549,57,36
84,31,28,85.0,30.0,25,11275,66,41
88,25,28,85.0,30.0,33,9113,66,33
88,29,28,85.0,30.0,29,10557,83,54
80,33,28,85.0,30.0,23,11993,70,47
96,25,29,95.0,30.0,41,9121,72,31
98,29,29,95.0,30.0,39,10567,131,92
95,30,29,95.0,30.0,35,10925,88,53
97,29,29,95.0,30.0,38,10566,75,37
99,30,29,95.0,30.0,39,10929,94,55
90,28,29,95.0,30.0,32,10198,67,35
99,34,29,95.0,30.0,43,12373,80,37
93,25,29,95.0,30.0,38,9118,68,30
98,29,29,95.0,30.0,39,10567,79,40
93,26,29,95.0,30.0,37,9479,61,24
100,31,30,105.0,30.0,41,11291,70,29
108,28,30,105.0,30.0,50,10216,95,45
104,28,30,105.0,30.0,46,10212,106,60
105,29,30,105.0,30.0,46,10574,96,50
105,32,30,105.0,30.0,47,11657,85,38
104,31,30,105.0,30.0,45,11295,159,114
102,27,30,105.0,30.0,45,9849,105,60
108,32,30,105.0,30.0,50,11660,68,18
108,28,30,105.0,30.0,50,10216,88,38
105,33,30,105.0,30.0,48,12018,92,44
118,30,31,115.0,30.0,58,10948,188,130
112,34,31,115.0,30.0,56,12386,81,25
113,27,31,115.0,30.0,56,9860,124,68
118,25,31,115.0,30.0,63,9143,120,57
110,34,31,115.0,30.0,54,12384,77,23
118,29,31,115.0,30.0,59,10587,93,34
110,26,31,115.0,30.0,54,9496,78,24
116,28,31,115.0,30.0,58,10224,164,106
119,26,31,115.0,30.0,63,9505,108,45
114,29,31,115.0,30.0,55,10583,106,51
126,34,32,125.0,30.0,70,12400,187,117
121,30,32,125.0,30.0,61,10951,119,58
127,33,32,125.0,30.0,70,12040,198,128
123,25,32,125.0,30.0,68,9148,162,94
127,30,32,125.0,30.0,67,10957,166,99
122,31,32,125.0,30.0,63,11313,165,102
124,26,32,125.0,30.0,68,9510,90,22
122,30,32,125.0,30.0,62,10952,188,126
120,26,32,125.0,30.0,64,9506,231,167
127,30,32,125.0,30.0,67,10957,117,50
131,26,33,135.0,30.0,75,9517,114,39
132,27,33,135.0,30.0,75,9879,124,49
139,27,33,135.0,30.0,82,9886,183,101
132,25,33,135.0,30.0,77,9157,160,83
131,31,33,135.0,30.0,72,11322,195,123
133,27,33,135.0,30.0,76,9880,123,47
139,26,33,135.0,30.0,83,9525,136,53
139,27,33,135.0,30.0,82,9886,219,137
139,27,33,135.0,30.0,82,9886,196,114
139,32,33,135.0,30.0,81,11691,227,146
145,34,34,145.0,30.0,89,12419,211,122
148,26,34,145.0,30.0,92,9534,266,174
146,31,34,145.0,30.0,87,11337,185,98
149,25,34,145.0,30.0,94,9174,172,78
144,28,34,145.0,30.0,86,10252,194,108
148,26,34,145.0,30.0,92,9534,159,67
149,31,34,145.0,30.0,90,11340,180,90
143,25,34,145.0,30.0,88,9168,114,26
143,34,34,145.0,30.0,87,12417,136,49
140,31,34,145.0,30.0,81,11331,911,830
153,27,35,155.0,30.0,96,9900,169,73
151,27,35,155.0,30.0,94,9898,199,105
155,31,35,155.0,30.0,96,11346,130,34
151,32,35,155.0,30.0,93,11703,225,132
154,34,35,155.0,30.0,98,12428,839,741
155,26,35,155.0,30.0,99,9541,146,47
154,28,35,155.0,30.0,96,10262,158,62
152,28,35,155.0,30.0,94,10260,180,86
158,30,35,155.0,30.0,98,10988,212,114
159,31,35,155.0,30.0,100,11350,221,121
160,32,36,165.0,30.0,102,11712,839,737
168,33,36,165.0,30.0,111,12081,130,19
163,25,36,165.0,30.0,108,9188,129,21
160,27,36,165.0,30.0,103,9907,141,38
162,33,36,165.0,30.0,105,12075,155,50
164,34,36,165.0,30.0,108,12438,183,75
161,31,36,165.0,30.0,102,11352,200,98
168,25,36,165.0,30.0,113,9193,180,67
165,28,36,165.0,30.0,107,10273,194,87
164,33,36,165.0,30.0,107,12077,159,52
177,34,37,175.0,30.0,121,12451,216,95
179,33,37,175.0,30.0,122,12092,1001,879
172,33,37,175.0,30.0,115,12085,213,98
176,26,37,175.0,30.0,120,9562,411,291
178,29,37,175.0,30.0,119,10647,242,123
171,31,37,175.0,30.0,112,11362,252,140
172,26,37,175.0,30.0,116,9558,194,78
176,30,37,175.0,30.0,116,11006,881,765
173,32,37,175.0,30.0,115,11725,270,155
172,27,37,175.0,30.0,115,9919,144,29
180,25,38,185.0,30.0,125,9205,279,154
188,30,38,185.0,30.0,128,11018,1001,873
185,26,38,185.0,30.0,129,9571,1001,872
181,30,38,185.0,30.0,121,11011,225,104
187,27,38,185.0,30.0,130,9934,1001,871
187,31,38,185.0,30.0,128,11378,1001,873
186,28,38,185.0,30.0,128,10294,1001,873
181,29,38,185.0,30.0,122,10650,775,653
184,33,38,185.0,30.0,127,12097,1001,874
185,28,38,185.0,30.0,127,10293,277,150
196,25,39,195.0,30.0,141,9221,1001,860
199,33,39,195.0,30.0,142,12112,267,125
197,32,39,195.0,30.0,139,11749,1001,862
192,28,39,195.0,30.0,134,10300,1001,867
190,26,39,195.0,30.0,134,9576,1001,867
191,31,39,195.0,30.0,132,11382,315,183
195,28,39,195.0,30.0,137,10303,1001,864
192,31,39,195.0,30.0,133,11383,303,170
195,33,39,195.0,30.0,138,12108,297,159
193,31,39,195.0,30.0,134,11384,279,145
209,27,40,205.0,30.0,152,9956,276,124
204,32,40,205.0,30.0,146,11756,1001,855
205,27,40,205.0,30.0,148,9952,1001,853
207,30,40,205.0,30.0,147,11037,282,135
209,33,40,205.0,30.0,152,12122,1001,849
208,31,40,205.0,30.0,149,11399,283,134
208,27,40,205.0,30.0,151,9955,1001,850
205,26,40,205.0,30.0,149,9591,272,123
206,26,40,205.0,30.0,150,9592,1001,851
203,28,40,205.0,30.0,145,10311,274,129
213,27,41,215.0,30.0,156,9960,310,154
212,29,41,215.0,30.0,153,10681,301,148
213,33,41,215.0,30.0,156,12126,290,134
214,30,41,215.0,30.0,154,11044,1001,847
216,32,41,215.0,30.0,158,11768,319,161
212,31,41,215.0,30.0,153,11403,1001,848
219,28,41,215.0,30.0,161,10327,287,126
215,27,41,215.0,30.0,158,9962,1001,843
215,30,41,215.0,30.0,155,11045,1001,846
219,33,41,215.0,30.0,162,12132,1001,839
223,25,42,225.0,30.0,168,9248,327,159
223,34,42,225.0,30.0,167,12497,818,651
227,26,42,225.0,30.0,171,9613,1001,830
229,29,42,225.0,30.0,170,10698,1001,831
226,25,42,225.0,30.0,171,9251,1001,830
228,28,42,225.0,30.0,170,10336,297,127
226,32,42,225.0,30.0,168,11778,848,680
229,27,42,225.0,30.0,172,9976,300,128
226,29,42,225.0,30.0,167,10695,1001,834
222,32,42,225.0,30.0,164,11774,1001,837
238,33,43,235.0,30.0,181,12151,342,161
235,25,43,235.0,30.0,180,9260,339,159
238,28,43,235.0,30.0,180,10346,311,131
238,32,43,235.0,30.0,180,11790,342,162
232,32,43,235.0,30.0,174,11784,350,176
238,31,43,235.0,30.0,179,11429,482,303
235,31,43,235.0,30.0,176,11426,325,149
234,30,43,235.0,30.0,174,11064,1001,827
232,26,43,235.0,30.0,176,9618,313,137
232,27,43,235.0,30.0,175,9979,1001,826
249,28,44,245.0,30.0,191,10357,330,139
249,28,44,245.0,30.0,191,10357,367,176
244,33,44,245.0,30.0,187,12157,322,135
241,26,44,245.0,30.0,185,9627,315,130
241,34,44,245.0,30.0,185,12515,1001,816
244,26,44,245.0,30.0,188,9630,308,120
244,34,44,245.0,30.0,188,12518,378,190
246,29,44,245.0,30.0,187,10715,334,147
244,27,44,245.0,30.0,187,9991,509,322
243,34,44,245.0,30.0,187,12517,361,174
251,31,45,255.0,30.0,192,11442,480,288
257,25,45,255.0,30.0,202,9282,342,140
257,32,45,255.0,30.0,199,11809,473,274
252,33,45,255.0,30.0,195,12165,380,185
250,25,45,255.0,30.0,195,9275,346,151
256,30,45,255.0,30.0,196,11086,358,162
254,33,45,255.0,30.0,197,12167,351,154
252,26,45,255.0,30.0,196,9638,336,140
257,25,45,255.0,30.0,202,9282,1001,799
258,26,45,255.0,30.0,202,9644,337,135
268,29,46,265.0,30.0,209,10737,431,222
265,31,46,265.0,30.0,206,11456,388,182
262,34,46,265.0,30.0,206,12536,351,145
262,30,46,265.0,30.0,202,11092,346,144
264,34,46,265.0,30.0,208,12538,381,173
265,30,46,265.0,30.0,205,11095,530,325
260,25,46,265.0,30.0,205,9285,1001,796
265,34,46,265.0,30.0,209,12539,361,152
264,32,46,265.0,30.0,206,11816,406,200
262,28,46,265.0,30.0,204,10370,380,176
275,25,47,275.0,30.0,220,9300,363,143
277,34,47,275.0,30.0,221,12551,376,155
274,33,47,275.0,30.0,217,12187,376,159
278,28,47,275.0,30.0,220,10386,416,196
270,34,47,275.0,30.0,214,12544,376,162
278,26,47,275.0,30.0,222,9664,425,203
271,27,47,275.0,30.0,214,10018,364,150
273,30,47,275.0,30.0,213,11103,369,156
279,26,47,275.0,30.0,223,9665,373,150
270,28,47,275.0,30.0,212,10378,357,145
285,29,48,285.0,30.0,226,10754,383,157
283,33,48,285.0,30.0,226,12196,363,137
284,30,48,285.0,30.0,224,11114,379,155
288,31,48,285.0,30.0,229,11479,381,152
283,33,48,285.0,30.0,226,12196,459,233
281,29,48,285.0,30.0,222,10750,449,227
283,30,48,285.0,30.0,223,11113,459,236
287,32,48,285.0,30.0,229,11839,394,165
288,27,48,285.0,30.0,231,10035,362,131
285,30,48,285.0,30.0,225,11115,389,164
299,30,49,295.0,30.0,239,11129,442,203
297,30,49,295.0,30.0,237,11127,451,214
294,31,49,295.0,30.0,235,11485,418,183
294,29,49,295.0,30.0,235,10763,446,211
291,26,49,295.0,30.0,235,9677,422,187
295,27,49,295.0,30.0,238,10042,385,147
296,29,49,295.0,30.0,237,10765,405,168
296,32,49,295.0,30.0,238,11848,397,159
292,30,49,295.0,30.0,232,11122,413,181
296,33,49,295.0,30.0,239,12209,403,164
308,26,50,305.0,30.0,252,9694,1001,749
303,32,50,305.0,30.0,245,11855,484,239
307,31,50,305.0,30.0,248,11498,1001,753
306,29,50,305.0,30.0,247,10775,432,185
302,31,50,305.0,30.0,243,11493,1001,758
305,33,50,305.0,30.0,248,12218,1001,753
304,28,50,305.0,30.0,246,10412,1001,755
306,30,50,305.0,30.0,246,11136,442,196
304,27,50,305.0,30.0,247,10051,1001,754
301,32,50,305.0,30.0,243,11853,1001,758
312,33,51,312.5,30.0,255,12225,1001,746
310,32,51,312.5,30.0,252,11862,1001,749
311,25,51,312.5,30.0,256,9336,1001,745
311,33,51,312.5,30.0,254,12224,1001,747
310,29,51,312.5,30.0,251,10779,431,180
313,28,51,312.5,30.0,255,10421,415,160
313,28,51,312.5,30.0,255,10421,418,163
311,25,51,312.5,30.0,256,9336,1001,745
311,25,51,312.5,30.0,256,9336,1001,745
310,32,51,312.5,30.0,252,11862,463,211
67,44,52,65.0,40.0,21,15951,65,44
61,38,52,65.0,40.0,9,13779,63,54
61,38,52,65.0,40.0,9,13779,69,60
60,42,52,65.0,40.0,12,15222,53,41
66,44,52,65.0,40.0,20,15950,63,43
61,43,52,65.0,40.0,14,15584,57,43
67,43,52,65.0,40.0,20,15590,376,356
68,39,52,65.0,40.0,17,14147,143,126
60,35,52,65.0,40.0,5,12695,6,1
67,35,52,65.0,40.0,12,12702,62,50
77,35,53,75.0,40.0,22,12712,34,12
75,37,53,75.0,40.0,22,13432,123,101
75,43,53,75.0,40.0,28,15598,103,75
74,44,53,75.0,40.0,28,15958,79,51
73,37,53,75.0,40.0,20,13430,85,65
74,44,53,75.0,40.0,28,15958,71,43
72,42,53,75.0,40.0,24,15234,65,41
77,38,53,75.0,40.0,25,13795,114,89
78,44,53,75.0,40.0,32,15962,81,49
72,37,53,75.0,40.0,19,13429,88,69
88,44,54,85.0,40.0,42,15972,83,41
84,37,54,85.0,40.0,31,13441,88,57
80,37,54,85.0,40.0,27,13437,81,54
80,43,54,85.0,40.0,33,15603,90,57
80,39,54,85.0,40.0,29,14159,80,51
87,41,54,85.0,40.0,38,14888,99,61
88,40,54,85.0,40.0,38,14528,122,84
84,40,54,85.0,40.0,34,14524,81,47
81,35,54,85.0,40.0,26,12716,35,9
85,42,54,85.0,40.0,37,15247,125,88
91,38,55,95.0,40.0,39,13809,104,65
91,37,55,95.0,40.0,38,13448,79,41
93,44,55,95.0,40.0,47,15977,97,50
94,36,55,95.0,40.0,40,13090,44,4
94,42,55,95.0,40.0,46,15256,116,70
94,43,55,95.0,40.0,47,15617,120,73
91,40,55,95.0,40.0,41,14531,140,99
99,41,55,95.0,40.0,50,14900,161,111
94,38,55,95.0,40.0,42,13812,129,87
98,42,55,95.0,40.0,50,15260,103,53
105,38,56,105.0,40.0,53,13823,105,52
107,38,56,105.0,40.0,55,13825,65,10
100,38,56,105.0,40.0,48,13818,50,2
103,44,56,105.0,40.0,57,15987,138,81
105,41,56,105.0,40.0,56,14906,115,59
108,35,56,105.0,40.0,53,12743,110,57
104,36,56,105.0,40.0,50,13100,57,7
109,36,56,105.0,40.0,55,13105,61,6
100,39,56,105.0,40.0,49,14179,125,76
104,44,56,105.0,40.0,58,15988,105,47
112,38,57,115.0,40.0,60,13830,67,7
111,44,57,115.0,40.0,65,15995,117,52
113,42,57,115.0,40.0,65,15275,156,91
115,41,57,115.0,40.0,66,14916,133,67
115,40,57,115.0,40.0,65,14555,118,53
115,36,57,115.0,40.0,61,13111,100,39
118,41,57,115.0,40.0,69,14919,176,107
116,38,57,115.0,40.0,64,13834,98,34
119,38,57,115.0,40.0,67,13837,273,206
113,42,57,115.0,40.0,65,15275,123,58
123,44,58,125.0,40.0,77,16007,126,49
123,40,58,125.0,40.0,73,14563,131,58
121,38,58,125.0,40.0,69,13839,79,10
123,42,58,125.0,40.0,75,15285,138,63
123,40,58,125.0,40.0,73,14563,211,138
125,41,58,125.0,40.0,76,14926,150,74
128,35,58,125.0,40.0,73,12763,142,69
127,44,58,125.0,40.0,81,16011,157,76
122,35,58,125.0,40.0,67,12757,97,30
125,38,58,125.0,40.0,73,13843,108,35
139,41,59,135.0,40.0,90,14940,149,59
131,38,59,135.0,40.0,79,13849,455,376
134,38,59,135.0,40.0,82,13852,249,167
137,36,59,135.0,40.0,83,13133,180,97
132,40,59,135.0,40.0,82,14572,221,139
137,36,59,135.0,40.0,83,13133,121,38
131,40,59,135.0,40.0,81,14571,153,72
130,37,59,135.0,40.0,77,13487,111,34
138,39,59,135.0,40.0,87,14217,819,732
130,35,59,135.0,40.0,75,12765,103,28
141,35,60,145.0,40.0,86,12776,94,8
148,42,60,145.0,40.0,100,15310,217,117
148,37,60,145.0,40.0,95,13505,188,93
147,37,60,145.0,40.0,94,13504,114,20
145,43,60,145.0,40.0,98,15668,169,71
143,36,60,145.0,40.0,89,13139,101,12
149,39,60,145.0,40.0,98,14228,182,84
147,42,60,145.0,40.0,99,15309,190,91
141,40,60,145.0,40.0,91,14581,169,78
146,41,60,145.0,40.0,97,14947,225,128
153,44,61,155.0,40.0,107,16037,180,73
154,41,61,155.0,40.0,105,14955,187,82
156,42,61,155.0,40.0,108,15318,185,77
157,40,61,155.0,40.0,107,14597,209,102
152,38,61,155.0,40.0,100,13870,193,93
156,44,61,155.0,40.0,110,16040,189,79
158,38,61,155.0,40.0,106,13876,120,14
155,41,61,155.0,40.0,106,14956,186,80
150,38,61,155.0,40.0,98,13868,852,754
158,41,61,155.0,40.0,109,14959,168,59
167,41,62,165.0,40.0,118,14968,175,57
166,39,62,165.0,40.0,115,14245,796,681
164,39,62,165.0,40.0,113,14243,186,73
166,37,62,165.0,40.0,113,13523,814,701
161,37,62,165.0,40.0,108,13518,135,27
168,44,62,165.0,40.0,122,16052,197,75
168,40,62,165.0,40.0,118,14608,189,71
167,35,62,165.0,40.0,112,12802,166,54
166,37,62,165.0,40.0,113,13523,166,53
168,35,62,165.0,40.0,113,12803,134,21
172,43,63,175.0,40.0,125,15695,220,95
174,44,63,175.0,40.0,128,16058,237,109
172,44,63,175.0,40.0,126,16056,878,752
179,44,63,175.0,40.0,133,16063,786,653
178,35,63,175.0,40.0,123,12813,144,21
174,36,63,175.0,40.0,120,13170,152,32
173,43,63,175.0,40.0,126,15696,239,113
173,36,63,175.0,40.0,119,13169,148,29
179,41,63,175.0,40.0,130,14980,198,68
176,38,63,175.0,40.0,124,13894,175,51
185,40,64,185.0,40.0,135,14625,1001,866
185,42,64,185.0,40.0,137,15347,1001,864
188,37,64,185.0,40.0,135,13545,1001,866
180,40,64,185.0,40.0,130,14620,197,67
189,36,64,185.0,40.0,135,13185,1001,866
187,35,64,185.0,40.0,132,12822,1001,869
187,35,64,185.0,40.0,132,12822,1001,869
185,44,64,185.0,40.0,139,16069,1001,862
182,38,64,185.0,40.0,130,13900,1001,871
186,41,64,185.0,40.0,137,14987,1001,864
194,44,65,195.0,40.0,148,16078,1001,853
194,36,65,195.0,40.0,140,13190,1001,861
196,43,65,195.0,40.0,149,15719,281,132
199,44,65,195.0,40.0,153,16083,1001,848
195,39,65,195.0,40.0,144,14274,296,152
199,36,65,195.0,40.0,145,13195,1001,856
192,38,65,195.0,40.0,140,13910,1001,861
191,41,65,195.0,40.0,142,14992,1001,859
191,38,65,195.0,40.0,139,13909,265,126
191,41,65,195.0,40.0,142,14992,1001,859
205,42,66,205.0,40.0,157,15367,1001,844
203,43,66,205.0,40.0,156,15726,1001,845
201,39,66,205.0,40.0,150,14280,334,184
208,41,66,205.0,40.0,159,15009,1001,842
202,42,66,205.0,40.0,154,15364,1001,847
200,43,66,205.0,40.0,153,15723,1001,848
206,37,66,205.0,40.0,153,13563,280,127
201,44,66,205.0,40.0,155,16085,282,127
203,43,66,205.0,40.0,156,15726,1001,845
203,39,66,205.0,40.0,152,14282,1001,849
216,43,67,215.0,40.0,169,15739,1001,832
210,44,67,215.0,40.0,164,16094,1001,837
216,36,67,215.0,40.0,162,13212,1001,839
219,40,67,215.0,40.0,169,14659,306,137
219,38,67,215.0,40.0,167,13937,1001,834
215,35,67,215.0,40.0,160,12850,1001,841
219,43,67,215.0,40.0,172,15742,315,143
217,36,67,215.0,40.0,163,13213,1001,838
213,37,67,215.0,40.0,160,13570,324,164
211,42,67,215.0,40.0,163,15373,1001,838
227,38,68,225.0,40.0,175,13945,1001,826
221,43,68,225.0,40.0,174,15744,1001,827
228,40,68,225.0,40.0,178,14668,1001,823
222,42,68,225.0,40.0,174,15384,1001,827
229,35,68,225.0,40.0,174,12864,312,138
220,43,68,225.0,40.0,173,15743,1001,828
221,42,68,225.0,40.0,173,15383,317,144
228,35,68,225.0,40.0,173,12863,307,134
220,40,68,225.0,40.0,170,14660,1001,831
224,41,68,225.0,40.0,175,15025,324,149
239,35,69,235.0,40.0,184,12874,365,181
237,38,69,235.0,40.0,185,13955,319,134
237,43,69,235.0,40.0,190,15760,389,199
234,43,69,235.0,40.0,187,15757,1001,814
233,37,69,235.0,40.0,180,13590,386,206
233,37,69,235.0,40.0,180,13590,309,129
235,41,69,235.0,40.0,186,15036,389,203
230,40,69,235.0,40.0,180,14670,334,154
236,39,69,235.0,40.0,185,14315,867,682
236,36,69,235.0,40.0,182,13232,329,147
243,43,70,245.0,40.0,196,15766,362,166
244,40,70,245.0,40.0,194,14684,358,164
247,44,70,245.0,40.0,201,16131,353,152
245,42,70,245.0,40.0,197,15407,342,145
240,35,70,245.0,40.0,185,12875,1001,816
242,43,70,245.0,40.0,195,15765,348,153
246,40,70,245.0,40.0,196,14686,354,158
242,39,70,245.0,40.0,191,14321,371,180
247,43,70,245.0,40.0,200,15770,391,191
249,38,70,245.0,40.0,197,13967,338,141
253,36,71,255.0,40.0,199,13249,348,149
256,37,71,255.0,40.0,203,13613,343,140
253,38,71,255.0,40.0,201,13971,366,165
250,39,71,255.0,40.0,199,14329,345,146
258,44,71,255.0,40.0,212,16142,390,178
256,38,71,255.0,40.0,204,13974,412,208
256,37,71,255.0,40.0,203,13613,373,170
253,35,71,255.0,40.0,198,12888,473,275
250,44,71,255.0,40.0,204,16134,337,133
252,37,71,255.0,40.0,199,13609,417,218
268,40,72,265.0,40.0,218,14708,359,141
265,42,72,265.0,40.0,217,15427,361,144
265,37,72,265.0,40.0,212,13622,387,175
269,39,72,265.0,40.0,218,14348,391,173
263,42,72,265.0,40.0,215,15425,353,138
262,39,72,265.0,40.0,211,14341,487,276
269,43,72,265.0,40.0,222,15792,392,170
260,44,72,265.0,40.0,214,16144,352,138
268,44,72,265.0,40.0,222,16152,373,151
265,39,72,265.0,40.0,214,14344,372,158
270,42,73,275.0,40.0,222,15432,370,148
279,37,73,275.0,40.0,226,13636,419,193
276,42,73,275.0,40.0,228,15438,372,144
279,38,73,275.0,40.0,227,13997,390,163
279,38,73,275.0,40.0,227,13997,387,160
277,37,73,275.0,40.0,224,13634,434,210
272,40,73,275.0,40.0,222,14712,465,243
273,42,73,275.0,40.0,225,15435,372,147
274,36,73,275.0,40.0,220,13270,392,172
275,44,73,275.0,40.0,229,16159,370,141
284,42,74,285.0,40.0,236,15446,390,154
289,36,74,285.0,40.0,235,13285,456,221
288,44,74,285.0,40.0,242,16172,391,149
285,36,74,285.0,40.0,231,13281,384,153
288,38,74,285.0,40.0,236,14006,375,139
280,36,74,285.0,40.0,226,13276,388,162
284,35,74,285.0,40.0,229,12919,406,177
287,38,74,285.0,40.0,235,14005,393,158
285,38,74,285.0,40.0,233,14003,376,143
283,38,74,285.0,40.0,231,14001,386,155
291,39,75,295.0,40.0,240,14370,407,167
292,36,75,295.0,40.0,238,13288,391,153
298,41,75,295.0,40.0,249,15099,437,188
291,40,75,295.0,40.0,241,14731,436,195
299,41,75,295.0,40.0,250,15100,455,205
294,38,75,295.0,40.0,242,14012,425,183
293,39,75,295.0,40.0,242,14372,457,215
290,44,75,295.0,40.0,244,16174,380,136
293,41,75,295.0,40.0,244,15094,388,144
291,35,75,295.0,40.0,236,12926,397,161
302,41,76,305.0,40.0,253,15103,399,146
308,42,76,305.0,40.0,260,15470,420,160
308,41,76,305.0,40.0,259,15109,461,202
307,37,76,305.0,40.0,254,13664,1001,747
307,35,76,305.0,40.0,252,12942,1001,749
303,43,76,305.0,40.0,256,15826,415,159
300,36,76,305.0,40.0,246,13296,450,204
303,37,76,305.0,40.0,250,13660,398,148
307,41,76,305.0,40.0,258,15108,424,166
303,42,76,305.0,40.0,255,15465,1001,746
310,44,77,312.5,40.0,264,16194,1001,737
310,39,77,312.5,40.0,259,14389,533,274
313,42,77,312.5,40.0,265,15475,414,149
311,39,77,312.5,40.0,260,14390,539,279
311,41,77,312.5,40.0,262,15112,434,172
313,44,77,312.5,40.0,267,16197,454,187
312,35,77,312.5,40.0,257,12947,1001,744
313,37,77,312.5,40.0,260,13670,438,178
313,38,77,312.5,40.0,261,14031,1001,740
310,43,77,312.5,40.0,263,15833,465,202
