x,y,cell,cell_x,cell_y,opt_traj,point_id,steps_taken,extra_steps
60,22,0,65.0,20.0,8,8002,23,15
69,24,0,65.0,20.0,15,8733,30,15
69,18,0,65.0,20.0,21,6567,54,33
65,15,0,65.0,20.0,20,5480,61,41
64,16,0,65.0,20.0,18,5840,37,19
65,24,0,65.0,20.0,11,8729,26,15
65,21,0,65.0,20.0,14,7646,45,31
60,23,0,65.0,20.0,7,8363,22,15
60,16,0,65.0,20.0,14,5836,95,81
60,24,0,65.0,20.0,6,8724,20,14
74,19,1,75.0,20.0,25,6933,93,68
75,23,1,75.0,20.0,22,8378,37,15
75,23,1,75.0,20.0,22,8378,56,34
70,15,1,75.0,20.0,25,5485,48,23
76,20,1,75.0,20.0,26,7296,82,56
74,18,1,75.0,20.0,26,6572,199,173
72,20,1,75.0,20.0,22,7292,147,125
76,23,1,75.0,20.0,23,8379,86,63
72,22,1,75.0,20.0,20,8014,55,35
75,23,1,75.0,20.0,22,8378,128,106
80,24,2,85.0,20.0,26,8744,41,15
81,18,2,85.0,20.0,33,6579,103,70
83,24,2,85.0,20.0,29,8747,80,51
87,24,2,85.0,20.0,33,8751,139,106
81,21,2,85.0,20.0,30,7662,90,60
82,18,2,85.0,20.0,34,6580,154,120
88,19,2,85.0,20.0,39,6947,104,65
86,23,2,85.0,20.0,33,8389,128,95
81,20,2,85.0,20.0,31,7301,75,44
87,20,2,85.0,20.0,37,7307,146,109
93,22,3,95.0,20.0,41,8035,132,91
96,20,3,95.0,20.0,46,7316,215,169
93,18,3,95.0,20.0,45,6591,115,70
92,23,3,95.0,20.0,39,8395,175,136
99,18,3,95.0,20.0,51,6597,175,124
97,21,3,95.0,20.0,46,7678,195,149
99,17,3,95.0,20.0,52,6236,194,142
97,21,3,95.0,20.0,46,7678,224,178
98,20,3,95.0,20.0,48,7318,246,198
95,18,3,95.0,20.0,47,6593,66,19
105,15,4,105.0,20.0,60,5520,142,82
104,20,4,105.0,20.0,54,7324,191,137
105,17,4,105.0,20.0,58,6242,180,122
107,20,4,105.0,20.0,57,7327,231,174
107,23,4,105.0,20.0,54,8410,960,906
104,20,4,105.0,20.0,54,7324,191,137
100,21,4,105.0,20.0,49,7681,216,167
102,15,4,105.0,20.0,57,5517,139,82
102,19,4,105.0,20.0,53,6961,201,148
100,24,4,105.0,20.0,46,8764,1001,955
112,17,5,115.0,20.0,65,6249,197,132
114,24,5,115.0,20.0,60,8778,196,136
111,19,5,115.0,20.0,62,6970,201,139
116,21,5,115.0,20.0,65,7697,212,147
113,22,5,115.0,20.0,61,8055,401,340
110,17,5,115.0,20.0,63,6247,284,221
115,16,5,115.0,20.0,69,5891,215,146
110,20,5,115.0,20.0,60,7330,199,139
111,24,5,115.0,20.0,57,8775,232,175
113,24,5,115.0,20.0,59,8777,164,105
126,23,6,125.0,20.0,73,8429,252,179
120,16,6,125.0,20.0,74,5896,234,160
128,23,6,125.0,20.0,75,8431,203,128
123,19,6,125.0,20.0,74,6982,203,129
122,15,6,125.0,20.0,77,5537,160,83
123,17,6,125.0,20.0,76,6260,206,130
122,17,6,125.0,20.0,75,6259,202,127
127,16,6,125.0,20.0,81,5903,236,155
121,20,6,125.0,20.0,71,7341,218,147
129,19,6,125.0,20.0,80,6988,197,117
138,15,7,135.0,20.0,93,5553,179,86
136,23,7,135.0,20.0,83,8439,218,135
138,16,7,135.0,20.0,92,5914,278,186
135,15,7,135.0,20.0,90,5550,299,209
130,17,7,135.0,20.0,83,6267,275,192
139,22,7,135.0,20.0,87,8081,220,133
138,23,7,135.0,20.0,85,8441,229,144
136,15,7,135.0,20.0,91,5551,229,138
134,16,7,135.0,20.0,88,5910,174,86
138,22,7,135.0,20.0,86,8080,237,151
143,22,8,145.0,20.0,91,8085,321,230
142,19,8,145.0,20.0,93,7001,1001,908
140,23,8,145.0,20.0,87,8443,421,334
145,22,8,145.0,20.0,93,8087,250,157
145,17,8,145.0,20.0,98,6282,1001,903
143,20,8,145.0,20.0,93,7363,287,194
146,18,8,145.0,20.0,98,6644,1001,903
142,21,8,145.0,20.0,91,7723,293,202
142,17,8,145.0,20.0,95,6279,322,227
147,20,8,145.0,20.0,97,7367,270,173
155,17,9,155.0,20.0,108,6292,567,459
150,19,9,155.0,20.0,101,7009,279,178
150,16,9,155.0,20.0,104,5926,1001,897
154,23,9,155.0,20.0,101,8457,351,250
154,20,9,155.0,20.0,104,7374,298,194
152,15,9,155.0,20.0,107,5567,1001,894
152,24,9,155.0,20.0,98,8816,273,175
156,15,9,155.0,20.0,111,5571,1001,890
151,19,9,155.0,20.0,102,7010,397,295
159,15,9,155.0,20.0,114,5574,1001,887
162,21,10,165.0,20.0,111,7743,306,195
165,22,10,165.0,20.0,113,8107,392,279
163,19,10,165.0,20.0,114,7022,366,252
162,24,10,165.0,20.0,108,8826,293,185
165,18,10,165.0,20.0,117,6663,728,611
167,19,10,165.0,20.0,118,7026,386,268
166,15,10,165.0,20.0,121,5581,1001,880
168,19,10,165.0,20.0,119,7027,371,252
163,18,10,165.0,20.0,115,6661,334,219
166,23,10,165.0,20.0,113,8469,306,193
179,22,11,175.0,20.0,127,8121,402,275
174,17,11,175.0,20.0,127,6311,1001,874
178,23,11,175.0,20.0,125,8481,361,236
170,21,11,175.0,20.0,119,7751,309,190
171,21,11,175.0,20.0,120,7752,325,205
170,23,11,175.0,20.0,117,8473,495,378
178,16,11,175.0,20.0,132,5954,1001,869
171,17,11,175.0,20.0,124,6308,1001,877
171,15,11,175.0,20.0,126,5586,1001,875
179,22,11,175.0,20.0,127,8121,329,202
188,17,12,185.0,20.0,141,6325,336,195
185,15,12,185.0,20.0,140,5600,724,584
184,24,12,185.0,20.0,130,8848,375,245
189,20,12,185.0,20.0,139,7409,324,185
186,24,12,185.0,20.0,132,8850,334,202
187,22,12,185.0,20.0,135,8129,318,183
186,21,12,185.0,20.0,135,7767,338,203
180,17,12,185.0,20.0,133,6317,890,757
182,23,12,185.0,20.0,129,8485,381,252
180,21,12,185.0,20.0,129,7761,325,196
192,15,13,195.0,20.0,147,5607,719,572
196,20,13,195.0,20.0,146,7416,329,183
190,20,13,195.0,20.0,140,7410,293,153
191,15,13,195.0,20.0,146,5606,722,576
196,22,13,195.0,20.0,144,8138,301,157
192,22,13,195.0,20.0,140,8134,285,145
198,19,13,195.0,20.0,149,7057,317,168
198,15,13,195.0,20.0,153,5613,713,560
197,24,13,195.0,20.0,143,8861,439,296
190,17,13,195.0,20.0,143,6327,435,292
202,16,14,205.0,20.0,156,5978,353,197
202,16,14,205.0,20.0,156,5978,706,550
202,22,14,205.0,20.0,150,8144,371,221
203,20,14,205.0,20.0,153,7423,757,604
202,19,14,205.0,20.0,153,7061,733,580
200,21,14,205.0,20.0,149,7781,334,185
201,15,14,205.0,20.0,156,5616,710,554
209,22,14,205.0,20.0,157,8151,769,612
200,24,14,205.0,20.0,146,8864,338,192
208,21,14,205.0,20.0,157,7789,349,192
219,20,15,215.0,20.0,169,7439,726,557
212,15,15,215.0,20.0,167,5627,699,532
217,16,15,215.0,20.0,171,5993,691,520
211,17,15,215.0,20.0,164,6348,352,188
218,24,15,215.0,20.0,164,8882,1001,837
214,23,15,215.0,20.0,161,8517,1001,840
213,17,15,215.0,20.0,166,6350,710,544
210,22,15,215.0,20.0,158,8152,279,121
218,20,15,215.0,20.0,168,7438,739,571
216,24,15,215.0,20.0,162,8880,1001,839
224,18,16,225.0,20.0,176,6722,701,525
224,23,16,225.0,20.0,171,8527,1001,830
224,24,16,225.0,20.0,170,8888,1001,831
225,22,16,225.0,20.0,173,8167,1001,828
226,20,16,225.0,20.0,176,7446,723,547
228,23,16,225.0,20.0,175,8531,458,283
225,20,16,225.0,20.0,175,7445,715,540
221,17,16,225.0,20.0,174,6358,697,523
225,19,16,225.0,20.0,176,7084,704,528
223,23,16,225.0,20.0,170,8526,1001,831
231,24,17,235.0,20.0,177,8895,477,300
233,21,17,235.0,20.0,182,7814,432,250
238,17,17,235.0,20.0,191,6375,401,210
233,18,17,235.0,20.0,185,6731,399,214
237,17,17,235.0,20.0,190,6374,396,206
239,23,17,235.0,20.0,186,8542,445,259
233,18,17,235.0,20.0,185,6731,399,214
234,18,17,235.0,20.0,186,6732,398,212
230,20,17,235.0,20.0,180,7450,451,271
233,20,17,235.0,20.0,183,7453,436,253
244,19,18,245.0,20.0,195,7103,387,192
246,21,18,245.0,20.0,195,7827,423,228
244,22,18,245.0,20.0,192,8186,438,246
249,23,18,245.0,20.0,196,8552,426,230
247,17,18,245.0,20.0,200,6384,415,215
243,15,18,245.0,20.0,198,5658,429,231
243,24,18,245.0,20.0,189,8907,450,261
248,18,18,245.0,20.0,200,6746,409,209
240,23,18,245.0,20.0,187,8543,423,236
248,23,18,245.0,20.0,195,8551,425,230
250,21,19,255.0,20.0,199,7831,398,199
252,15,19,255.0,20.0,207,5667,396,189
252,19,19,255.0,20.0,203,7111,379,176
252,17,19,255.0,20.0,205,6389,403,198
256,15,19,255.0,20.0,211,5671,550,339
257,20,19,255.0,20.0,207,7477,391,184
258,20,19,255.0,20.0,208,7478,403,195
256,19,19,255.0,20.0,207,7115,375,168
253,22,19,255.0,20.0,201,8195,413,212
255,18,19,255.0,20.0,207,6753,382,175
261,22,20,265.0,20.0,209,8203,366,157
264,24,20,265.0,20.0,210,8928,456,246
261,20,20,265.0,20.0,211,7481,368,157
261,23,20,265.0,20.0,208,8564,365,157
261,24,20,265.0,20.0,207,8925,364,157
265,24,20,265.0,20.0,211,8929,439,228
269,16,20,265.0,20.0,223,6045,398,175
267,22,20,265.0,20.0,215,8209,386,171
267,18,20,265.0,20.0,219,6765,376,157
261,15,20,265.0,20.0,216,5676,420,204
270,15,21,275.0,20.0,225,5685,656,431
279,16,21,275.0,20.0,233,6055,629,396
272,19,21,275.0,20.0,223,7131,484,261
279,18,21,275.0,20.0,231,6777,431,200
273,21,21,275.0,20.0,222,7854,382,160
271,15,21,275.0,20.0,226,5686,389,163
273,16,21,275.0,20.0,227,6049,405,178
278,18,21,275.0,20.0,230,6776,506,276
274,18,21,275.0,20.0,226,6772,391,165
270,23,21,275.0,20.0,217,8573,407,190
285,15,22,285.0,20.0,240,5700,649,409
285,22,22,285.0,20.0,233,8227,413,180
287,15,22,285.0,20.0,242,5702,636,394
281,19,22,285.0,20.0,232,7140,407,175
286,21,22,285.0,20.0,235,7867,529,294
283,22,22,285.0,20.0,231,8225,619,388
289,15,22,285.0,20.0,244,5704,636,392
286,21,22,285.0,20.0,235,7867,463,228
286,21,22,285.0,20.0,235,7867,417,182
287,20,22,285.0,20.0,237,7507,396,159
292,22,23,295.0,20.0,240,8234,444,204
294,15,23,295.0,20.0,249,5709,551,302
293,18,23,295.0,20.0,245,6791,443,198
297,22,23,295.0,20.0,245,8239,547,302
296,18,23,295.0,20.0,248,6794,413,165
293,19,23,295.0,20.0,244,7152,446,202
299,24,23,295.0,20.0,245,8963,547,302
295,19,23,295.0,20.0,246,7154,548,302
298,21,23,295.0,20.0,247,7879,602,355
292,21,23,295.0,20.0,241,7873,630,389
308,24,24,305.0,20.0,254,8972,1001,747
305,16,24,305.0,20.0,259,6081,567,308
309,22,24,305.0,20.0,257,8251,591,334
307,15,24,305.0,20.0,262,5722,564,302
305,16,24,305.0,20.0,259,6081,569,310
307,15,24,305.0,20.0,262,5722,565,303
305,22,24,305.0,20.0,253,8247,618,365
305,19,24,305.0,20.0,256,7164,604,348
302,21,24,305.0,20.0,251,7883,565,314
305,24,24,305.0,20.0,251,8969,585,334
312,23,25,312.5,20.0,259,8615,632,373
314,17,25,312.5,20.0,267,6451,650,383
310,18,25,312.5,20.0,262,6808,597,335
310,23,25,312.5,20.0,257,8613,1001,744
311,24,25,312.5,20.0,257,8975,1001,744
311,20,25,312.5,20.0,261,7531,725,464
314,15,25,312.5,20.0,269,5729,635,366
311,19,25,312.5,20.0,262,7170,1001,739
310,22,25,312.5,20.0,258,8252,1001,743
310,17,25,312.5,20.0,263,6447,646,383
60,34,26,65.0,30.0,4,12334,29,25
66,29,26,65.0,30.0,7,10535,40,33
64,31,26,65.0,30.0,5,11255,25,20
67,31,26,65.0,30.0,8,11258,27,19
63,34,26,65.0,30.0,7,12337,23,16
65,28,26,65.0,30.0,7,10173,43,36
62,31,26,65.0,30.0,3,11253,34,31
63,34,26,65.0,30.0,7,12337,27,20
69,31,26,65.0,30.0,10,11260,49,39
66,25,26,65.0,30.0,11,9091,39,28
73,32,27,75.0,30.0,15,11625,110,95
78,30,27,75.0,30.0,18,10908,77,59
75,26,27,75.0,30.0,19,9461,84,65
73,28,27,75.0,30.0,15,10181,254,239
75,28,27,75.0,30.0,17,10183,318,301
79,33,27,75.0,30.0,22,11992,37,15
72,34,27,75.0,30.0,16,12346,65,49
77,28,27,75.0,30.0,19,10185,95,76
73,26,27,75.0,30.0,17,9459,70,53
73,28,27,75.0,30.0,15,10181,61,46
83,26,28,85.0,30.0,27,9469,130,103
87,32,28,85.0,30.0,29,11639,156,127
85,29,28,85.0,30.0,26,10554,153,127
88,27,28,85.0,30.0,31,9835,158,127
87,27,28,85.0,30.0,30,9834,92,62
87,28,28,85.0,30.0,29,10195,138,109
82,25,28,85.0,30.0,27,9107,121,94
87,25,28,85.0,30.0,32,9112,106,74
83,30,28,85.0,30.0,23,10913,292,269
83,31,28,85.0,30.0,24,11274,127,103
94,32,29,95.0,30.0,36,11646,513,477
94,26,29,95.0,30.0,38,9480,192,154
99,25,29,95.0,30.0,44,9124,1001,957
96,33,29,95.0,30.0,39,12009,1001,962
96,26,29,95.0,30.0,40,9482,1001,961
96,27,29,95.0,30.0,39,9843,1001,962
92,30,29,95.0,30.0,32,10922,111,79
95,34,29,95.0,30.0,39,12369,1001,962
95,28,29,95.0,30.0,37,10203,1001,964
98,31,29,95.0,30.0,39,11289,1001,962
106,29,30,105.0,30.0,47,10575,942,895
104,28,30,105.0,30.0,46,10212,938,892
102,31,30,105.0,30.0,43,11293,949,906
109,25,30,105.0,30.0,54,9134,944,890
108,30,30,105.0,30.0,48,10938,958,910
103,31,30,105.0,30.0,44,11294,964,920
100,33,30,105.0,30.0,43,12013,961,918
107,31,30,105.0,30.0,48,11298,991,943
109,26,30,105.0,30.0,53,9495,921,868
106,30,30,105.0,30.0,46,10936,942,896
111,30,31,115.0,30.0,51,10941,984,933
112,27,31,115.0,30.0,55,9859,928,873
110,31,31,115.0,30.0,51,11301,952,901
110,26,31,115.0,30.0,54,9496,248,194
114,32,31,115.0,30.0,56,11666,869,813
113,34,31,115.0,30.0,57,12387,919,862
119,30,31,115.0,30.0,59,10949,239,180
118,34,31,115.0,30.0,62,12392,886,824
117,25,31,115.0,30.0,62,9142,170,108
110,26,31,115.0,30.0,54,9496,921,867
122,30,32,125.0,30.0,62,10952,862,800
128,31,32,125.0,30.0,69,11319,924,855
128,33,32,125.0,30.0,71,12041,850,779
124,27,32,125.0,30.0,67,9871,1001,934
122,29,32,125.0,30.0,63,10591,302,239
122,32,32,125.0,30.0,64,11674,854,790
128,28,32,125.0,30.0,70,10236,232,162
127,25,32,125.0,30.0,72,9152,458,386
121,27,32,125.0,30.0,64,9868,262,198
123,33,32,125.0,30.0,66,12036,358,292
135,33,33,135.0,30.0,78,12048,881,803
133,29,33,135.0,30.0,74,10602,393,319
138,27,33,135.0,30.0,81,9885,256,175
138,32,33,135.0,30.0,80,11690,808,728
137,33,33,135.0,30.0,80,12050,845,765
136,32,33,135.0,30.0,78,11688,901,823
138,32,33,135.0,30.0,80,11690,808,728
135,26,33,135.0,30.0,79,9521,256,177
131,30,33,135.0,30.0,71,10961,291,220
134,29,33,135.0,30.0,75,10603,868,793
143,30,34,145.0,30.0,83,10973,815,732
145,28,34,145.0,30.0,87,10253,425,338
148,31,34,145.0,30.0,89,11339,801,712
149,31,34,145.0,30.0,90,11340,800,710
148,34,34,145.0,30.0,92,12422,796,704
147,27,34,145.0,30.0,90,9894,275,185
142,30,34,145.0,30.0,82,10972,806,724
147,26,34,145.0,30.0,91,9533,216,125
143,28,34,145.0,30.0,85,10251,239,154
144,32,34,145.0,30.0,86,11696,826,740
151,28,35,155.0,30.0,93,10259,246,153
155,32,35,155.0,30.0,97,11707,799,702
159,27,35,155.0,30.0,102,9906,270,168
159,34,35,155.0,30.0,103,12433,811,708
152,34,35,155.0,30.0,96,12426,816,720
151,31,35,155.0,30.0,92,11342,842,750
151,26,35,155.0,30.0,95,9537,207,112
158,25,35,155.0,30.0,103,9183,213,110
154,34,35,155.0,30.0,98,12428,821,723
156,34,35,155.0,30.0,100,12430,817,717
168,34,36,165.0,30.0,112,12442,799,687
162,30,36,165.0,30.0,102,10992,253,151
161,32,36,165.0,30.0,103,11713,811,708
164,26,36,165.0,30.0,108,9550,235,127
166,31,36,165.0,30.0,107,11357,274,167
165,33,36,165.0,30.0,108,12078,836,728
165,31,36,165.0,30.0,106,11356,800,694
163,33,36,165.0,30.0,106,12076,796,690
169,25,36,165.0,30.0,114,9194,224,110
165,34,36,165.0,30.0,109,12439,826,717
179,25,37,175.0,30.0,124,9204,318,194
177,32,37,175.0,30.0,119,11729,749,630
179,33,37,175.0,30.0,122,12092,270,148
172,27,37,175.0,30.0,115,9919,254,139
175,32,37,175.0,30.0,117,11727,749,632
176,34,37,175.0,30.0,120,12450,754,634
171,26,37,175.0,30.0,115,9557,264,149
175,28,37,175.0,30.0,117,10283,233,116
174,25,37,175.0,30.0,119,9199,339,220
172,33,37,175.0,30.0,115,12085,753,638
185,26,38,185.0,30.0,129,9571,321,192
188,31,38,185.0,30.0,129,11379,275,146
188,25,38,185.0,30.0,133,9213,318,185
189,33,38,185.0,30.0,132,12102,287,155
186,31,38,185.0,30.0,127,11377,265,138
188,34,38,185.0,30.0,132,12462,260,128
184,31,38,185.0,30.0,125,11375,262,137
188,33,38,185.0,30.0,131,12101,446,315
186,33,38,185.0,30.0,129,12099,265,136
184,30,38,185.0,30.0,124,11014,280,156
194,33,39,195.0,30.0,137,12107,284,147
194,32,39,195.0,30.0,136,11746,438,302
190,27,39,195.0,30.0,133,9937,296,163
192,31,39,195.0,30.0,133,11383,273,140
192,32,39,195.0,30.0,134,11744,271,137
190,30,39,195.0,30.0,130,11020,461,331
197,32,39,195.0,30.0,139,11749,264,125
192,28,39,195.0,30.0,134,10300,328,194
197,30,39,195.0,30.0,137,11027,261,124
195,34,39,195.0,30.0,139,12469,298,159
200,25,40,205.0,30.0,145,9225,330,185
208,28,40,205.0,30.0,150,10316,1001,851
204,33,40,205.0,30.0,147,12117,344,197
201,34,40,205.0,30.0,145,12475,296,151
200,32,40,205.0,30.0,142,11752,274,132
201,25,40,205.0,30.0,146,9226,290,144
204,30,40,205.0,30.0,144,11034,413,269
200,26,40,205.0,30.0,144,9586,291,147
205,27,40,205.0,30.0,148,9952,321,173
203,28,40,205.0,30.0,145,10311,320,175
212,27,41,215.0,30.0,155,9959,1001,846
213,31,41,215.0,30.0,154,11404,1001,847
216,31,41,215.0,30.0,157,11407,1001,844
215,26,41,215.0,30.0,159,9601,1001,842
215,27,41,215.0,30.0,158,9962,1001,843
218,32,41,215.0,30.0,160,11770,1001,841
212,27,41,215.0,30.0,155,9959,1001,846
218,28,41,215.0,30.0,160,10326,1001,841
217,33,41,215.0,30.0,160,12130,1001,841
210,25,41,215.0,30.0,155,9235,397,242
227,29,42,225.0,30.0,168,10696,441,273
220,32,42,225.0,30.0,162,11772,1001,839
221,33,42,225.0,30.0,164,12134,1001,837
223,31,42,225.0,30.0,164,11414,1001,837
227,28,42,225.0,30.0,169,10335,435,266
227,29,42,225.0,30.0,168,10696,436,268
222,34,42,225.0,30.0,166,12496,1001,835
222,33,42,225.0,30.0,165,12135,1001,836
226,30,42,225.0,30.0,166,11056,1001,835
225,32,42,225.0,30.0,167,11777,1001,834
231,27,43,235.0,30.0,174,9978,454,280
233,27,43,235.0,30.0,176,9980,1001,825
238,33,43,235.0,30.0,181,12151,459,278
239,28,43,235.0,30.0,181,10347,459,278
234,33,43,235.0,30.0,177,12147,447,270
231,32,43,235.0,30.0,173,11783,455,282
233,30,43,235.0,30.0,173,11063,465,292
234,31,43,235.0,30.0,175,11425,458,283
233,28,43,235.0,30.0,175,10341,472,297
239,29,43,235.0,30.0,180,10708,455,275
249,25,44,245.0,30.0,194,9274,551,357
244,27,44,245.0,30.0,187,9991,1001,814
249,29,44,245.0,30.0,190,10718,543,353
248,32,44,245.0,30.0,190,11800,522,332
241,26,44,245.0,30.0,185,9627,581,396
249,34,44,245.0,30.0,193,12523,536,343
242,28,44,245.0,30.0,184,10350,488,304
242,30,44,245.0,30.0,182,11072,500,318
244,25,44,245.0,30.0,189,9269,463,274
246,28,44,245.0,30.0,188,10354,1001,813
254,33,45,255.0,30.0,197,12167,584,387
252,33,45,255.0,30.0,195,12165,501,306
251,26,45,255.0,30.0,195,9637,589,394
258,28,45,255.0,30.0,200,10366,408,208
250,27,45,255.0,30.0,193,9997,1001,808
256,33,45,255.0,30.0,199,12169,348,149
254,34,45,255.0,30.0,198,12528,547,349
257,32,45,255.0,30.0,199,11809,350,151
255,32,45,255.0,30.0,197,11807,559,362
250,25,45,255.0,30.0,195,9275,1001,806
264,29,46,265.0,30.0,205,10733,405,200
263,31,46,265.0,30.0,204,11454,469,265
268,26,46,265.0,30.0,212,9654,367,155
263,26,46,265.0,30.0,207,9649,406,199
263,25,46,265.0,30.0,208,9288,387,179
263,27,46,265.0,30.0,206,10010,398,192
267,32,46,265.0,30.0,209,11819,464,255
268,28,46,265.0,30.0,210,10376,395,185
268,27,46,265.0,30.0,211,10015,394,183
260,28,46,265.0,30.0,202,10368,405,203
270,34,47,275.0,30.0,214,12544,379,165
276,31,47,275.0,30.0,217,11467,474,257
273,26,47,275.0,30.0,217,9659,373,156
278,28,47,275.0,30.0,220,10386,378,158
275,30,47,275.0,30.0,215,11105,448,233
273,29,47,275.0,30.0,214,10742,369,155
271,26,47,275.0,30.0,215,9657,373,158
279,31,47,275.0,30.0,220,11470,374,154
277,26,47,275.0,30.0,221,9663,476,255
272,25,47,275.0,30.0,217,9297,404,187
283,30,48,285.0,30.0,223,11113,427,204
283,29,48,285.0,30.0,224,10752,425,201
287,26,48,285.0,30.0,231,9673,457,226
280,34,48,285.0,30.0,224,12554,494,270
282,27,48,285.0,30.0,225,10029,381,156
289,29,48,285.0,30.0,230,10758,641,411
285,33,48,285.0,30.0,228,12198,401,173
281,33,48,285.0,30.0,224,12194,430,206
280,27,48,285.0,30.0,223,10027,379,156
282,32,48,285.0,30.0,224,11834,391,167
294,29,49,295.0,30.0,235,10763,469,234
297,33,49,295.0,30.0,240,12210,524,284
295,31,49,295.0,30.0,236,11486,532,296
295,26,49,295.0,30.0,239,9681,541,302
290,30,49,295.0,30.0,230,11120,510,280
299,33,49,295.0,30.0,242,12212,676,434
293,27,49,295.0,30.0,236,10040,464,228
291,27,49,295.0,30.0,234,10038,570,336
291,27,49,295.0,30.0,234,10038,420,186
291,26,49,295.0,30.0,235,9677,431,196
306,27,50,305.0,30.0,249,10053,600,351
307,33,50,305.0,30.0,250,12220,571,321
301,30,50,305.0,30.0,241,11131,557,316
306,29,50,305.0,30.0,247,10775,569,322
308,29,50,305.0,30.0,249,10777,556,307
302,29,50,305.0,30.0,243,10771,573,330
306,31,50,305.0,30.0,247,11497,598,351
306,28,50,305.0,30.0,248,10414,587,339
306,27,50,305.0,30.0,249,10053,585,336
304,26,50,305.0,30.0,248,9690,568,320
314,32,51,312.5,30.0,256,11866,1001,745
313,26,51,312.5,30.0,257,9699,1001,744
311,27,51,312.5,30.0,254,10058,1001,747
311,29,51,312.5,30.0,252,10780,633,381
310,27,51,312.5,30.0,253,10057,580,327
311,29,51,312.5,30.0,252,10780,648,396
311,26,51,312.5,30.0,255,9697,614,359
310,32,51,312.5,30.0,252,11862,1001,749
314,34,51,312.5,30.0,258,12588,1001,743
310,26,51,312.5,30.0,254,9696,1001,747
65,43,52,65.0,40.0,18,15588,59,41
62,37,52,65.0,40.0,9,13419,42,33
62,39,52,65.0,40.0,11,14141,23,12
65,41,52,65.0,40.0,16,14866,57,41
63,42,52,65.0,40.0,15,15225,68,53
64,39,52,65.0,40.0,13,14143,45,32
63,44,52,65.0,40.0,17,15947,84,67
67,39,52,65.0,40.0,16,14146,47,31
68,37,52,65.0,40.0,15,13425,25,10
67,44,52,65.0,40.0,21,15951,69,48
71,38,53,75.0,40.0,19,13789,51,32
79,35,53,75.0,40.0,24,12714,28,4
75,40,53,75.0,40.0,25,14515,70,45
79,41,53,75.0,40.0,30,14880,133,103
72,43,53,75.0,40.0,25,15595,81,56
78,44,53,75.0,40.0,32,15962,74,42
75,41,53,75.0,40.0,26,14876,104,78
70,38,53,75.0,40.0,18,13788,42,24
72,35,53,75.0,40.0,17,12707,53,36
71,42,53,75.0,40.0,23,15233,92,69
83,44,54,85.0,40.0,37,15967,139,102
82,36,54,85.0,40.0,28,13078,118,90
88,42,54,85.0,40.0,40,15250,162,122
82,38,54,85.0,40.0,30,13800,96,66
85,37,54,85.0,40.0,32,13442,78,46
81,38,54,85.0,40.0,29,13799,49,20
83,40,54,85.0,40.0,33,14523,74,41
87,38,54,85.0,40.0,35,13805,134,99
89,35,54,85.0,40.0,34,12724,144,110
83,42,54,85.0,40.0,35,15245,101,66
96,40,55,95.0,40.0,46,14536,161,115
92,38,55,95.0,40.0,40,13810,79,39
94,43,55,95.0,40.0,47,15617,167,120
94,44,55,95.0,40.0,48,15978,90,42
97,43,55,95.0,40.0,50,15620,96,46
90,38,55,95.0,40.0,38,13808,125,87
99,43,55,95.0,40.0,52,15622,979,927
94,37,55,95.0,40.0,41,13451,67,26
94,43,55,95.0,40.0,47,15617,187,140
94,40,55,95.0,40.0,44,14534,198,154
107,35,56,105.0,40.0,52,12742,1000,948
102,40,56,105.0,40.0,52,14542,980,928
100,40,56,105.0,40.0,50,14540,984,934
101,35,56,105.0,40.0,46,12736,992,946
105,44,56,105.0,40.0,59,15989,977,918
109,36,56,105.0,40.0,55,13105,1001,946
101,43,56,105.0,40.0,54,15624,974,920
104,44,56,105.0,40.0,58,15988,987,929
101,41,56,105.0,40.0,52,14902,979,927
108,36,56,105.0,40.0,54,13104,989,935
113,37,57,115.0,40.0,60,13470,905,845
116,37,57,115.0,40.0,63,13473,891,828
110,40,57,115.0,40.0,60,14550,972,912
112,42,57,115.0,40.0,64,15274,881,817
116,39,57,115.0,40.0,65,14195,882,817
114,40,57,115.0,40.0,64,14554,898,834
117,39,57,115.0,40.0,66,14196,883,817
114,38,57,115.0,40.0,62,13832,901,839
116,44,57,115.0,40.0,70,16000,926,856
116,40,57,115.0,40.0,66,14556,909,843
127,42,58,125.0,40.0,79,15289,874,795
123,37,58,125.0,40.0,70,13480,877,807
125,41,58,125.0,40.0,76,14926,939,863
124,35,58,125.0,40.0,69,12759,887,818
129,43,58,125.0,40.0,82,15652,966,884
121,42,58,125.0,40.0,73,15283,890,817
121,43,58,125.0,40.0,74,15644,907,833
120,36,58,125.0,40.0,66,13116,885,819
120,38,58,125.0,40.0,68,13838,918,850
120,44,58,125.0,40.0,74,16004,913,839
134,35,59,135.0,40.0,79,12769,871,792
131,44,59,135.0,40.0,85,16015,908,823
139,42,59,135.0,40.0,91,15301,846,755
139,44,59,135.0,40.0,93,16023,868,775
137,35,59,135.0,40.0,82,12772,852,770
139,42,59,135.0,40.0,91,15301,830,739
138,40,59,135.0,40.0,88,14578,820,732
134,44,59,135.0,40.0,88,16018,893,805
135,42,59,135.0,40.0,87,15297,863,776
130,37,59,135.0,40.0,77,13487,841,764
144,40,60,145.0,40.0,94,14584,837,743
141,43,60,145.0,40.0,94,15664,853,759
147,42,60,145.0,40.0,99,15309,868,769
140,41,60,145.0,40.0,91,14941,847,756
146,37,60,145.0,40.0,93,13503,858,765
142,42,60,145.0,40.0,94,15304,859,765
143,36,60,145.0,40.0,89,13139,822,733
145,44,60,145.0,40.0,99,16029,843,744
143,43,60,145.0,40.0,96,15666,861,765
148,40,60,145.0,40.0,98,14588,826,728
155,41,61,155.0,40.0,106,14956,1001,895
154,35,61,155.0,40.0,99,12789,789,690
159,35,61,155.0,40.0,104,12794,784,680
158,44,61,155.0,40.0,112,16042,877,765
158,43,61,155.0,40.0,111,15681,872,761
150,41,61,155.0,40.0,101,14951,821,720
152,38,61,155.0,40.0,100,13870,807,707
151,37,61,155.0,40.0,98,13508,814,716
157,42,61,155.0,40.0,109,15319,894,785
157,35,61,155.0,40.0,102,12792,810,708
165,42,62,165.0,40.0,117,15327,788,671
160,37,62,165.0,40.0,107,13517,806,699
164,39,62,165.0,40.0,113,14243,775,662
160,35,62,165.0,40.0,105,12795,787,682
163,36,62,165.0,40.0,109,13159,787,678
161,43,62,165.0,40.0,114,15684,793,679
164,35,62,165.0,40.0,109,12799,813,704
167,40,62,165.0,40.0,117,14607,771,654
168,40,62,165.0,40.0,118,14608,785,667
167,44,62,165.0,40.0,121,16051,783,662
170,44,63,175.0,40.0,124,16054,770,646
170,35,63,175.0,40.0,115,12805,757,642
173,38,63,175.0,40.0,121,13891,781,660
170,38,63,175.0,40.0,118,13888,773,655
171,37,63,175.0,40.0,118,13528,763,645
172,43,63,175.0,40.0,125,15695,786,661
179,38,63,175.0,40.0,127,13897,253,126
177,43,63,175.0,40.0,130,15700,780,650
176,40,63,175.0,40.0,126,14616,781,655
170,40,63,175.0,40.0,120,14610,762,642
187,42,64,185.0,40.0,139,15349,445,306
183,43,64,185.0,40.0,136,15706,289,153
186,44,64,185.0,40.0,140,16070,284,144
184,43,64,185.0,40.0,137,15707,273,136
180,42,64,185.0,40.0,132,15342,291,159
182,41,64,185.0,40.0,133,14983,287,154
187,40,64,185.0,40.0,137,14627,437,300
184,35,64,185.0,40.0,129,12819,262,133
186,35,64,185.0,40.0,131,12821,1001,870
188,36,64,185.0,40.0,134,13184,259,125
190,42,65,195.0,40.0,142,15352,297,155
192,44,65,195.0,40.0,146,16076,273,127
190,40,65,195.0,40.0,140,14630,266,126
199,40,65,195.0,40.0,149,14639,320,171
197,42,65,195.0,40.0,149,15359,324,175
190,43,65,195.0,40.0,143,15713,287,144
196,37,65,195.0,40.0,143,13553,334,191
190,39,65,195.0,40.0,139,14269,266,127
197,35,65,195.0,40.0,142,12832,290,148
197,42,65,195.0,40.0,149,15359,312,163
208,38,66,205.0,40.0,156,13926,368,212
204,38,66,205.0,40.0,152,13922,305,153
202,36,66,205.0,40.0,148,13198,371,223
200,43,66,205.0,40.0,153,15723,313,160
204,35,66,205.0,40.0,149,12839,1001,852
206,44,66,205.0,40.0,160,16090,287,127
200,35,66,205.0,40.0,145,12835,271,126
204,44,66,205.0,40.0,158,16088,285,127
208,39,66,205.0,40.0,157,14287,320,163
203,44,66,205.0,40.0,157,16087,288,131
211,41,67,215.0,40.0,162,15012,338,176
219,38,67,215.0,40.0,167,13937,344,177
216,42,67,215.0,40.0,168,15378,361,193
214,44,67,215.0,40.0,168,16098,393,225
211,37,67,215.0,40.0,158,13568,370,212
218,35,67,215.0,40.0,163,12853,1001,838
215,43,67,215.0,40.0,168,15738,309,141
213,36,67,215.0,40.0,159,13209,370,211
215,42,67,215.0,40.0,167,15377,341,174
216,44,67,215.0,40.0,170,16100,390,220
222,41,68,225.0,40.0,173,15023,361,188
227,41,68,225.0,40.0,178,15028,373,195
229,41,68,225.0,40.0,180,15030,362,182
228,44,68,225.0,40.0,182,16112,406,224
224,42,68,225.0,40.0,176,15386,380,204
220,41,68,225.0,40.0,171,15021,332,161
220,44,68,225.0,40.0,174,16104,358,184
228,37,68,225.0,40.0,175,13585,385,210
228,43,68,225.0,40.0,181,15751,309,128
220,44,68,225.0,40.0,174,16104,380,206
234,37,69,235.0,40.0,181,13591,484,303
239,40,69,235.0,40.0,189,14679,389,200
237,39,69,235.0,40.0,186,14316,390,204
230,41,69,235.0,40.0,181,15031,413,232
236,43,69,235.0,40.0,189,15759,317,128
231,35,69,235.0,40.0,176,12866,448,272
236,43,69,235.0,40.0,189,15759,317,128
236,41,69,235.0,40.0,187,15037,372,185
234,37,69,235.0,40.0,181,13591,356,175
239,43,69,235.0,40.0,192,15762,320,128
246,44,70,245.0,40.0,200,16130,431,231
241,42,70,245.0,40.0,193,15403,440,247
246,36,70,245.0,40.0,192,13242,481,289
245,35,70,245.0,40.0,190,12880,525,335
243,38,70,245.0,40.0,191,13961,354,163
245,42,70,245.0,40.0,197,15407,369,172
248,44,70,245.0,40.0,202,16132,394,192
249,41,70,245.0,40.0,200,15050,378,178
242,38,70,245.0,40.0,190,13960,370,180
249,40,70,245.0,40.0,199,14689,393,194
258,38,71,255.0,40.0,206,13976,375,169
250,40,71,255.0,40.0,200,14690,395,195
258,41,71,255.0,40.0,209,15059,414,205
253,35,71,255.0,40.0,198,12888,472,274
253,41,71,255.0,40.0,204,15054,352,148
256,40,71,255.0,40.0,206,14696,400,194
259,35,71,255.0,40.0,204,12894,360,156
250,44,71,255.0,40.0,204,16134,383,179
253,36,71,255.0,40.0,199,13249,479,280
258,39,71,255.0,40.0,207,14337,367,160
268,40,72,265.0,40.0,218,14708,352,134
263,40,72,265.0,40.0,213,14703,348,135
260,42,72,265.0,40.0,212,15422,394,182
265,43,72,265.0,40.0,218,15788,346,128
267,41,72,265.0,40.0,218,15068,393,175
269,42,72,265.0,40.0,221,15431,453,232
265,42,72,265.0,40.0,217,15427,418,201
269,35,72,265.0,40.0,214,12904,359,145
265,41,72,265.0,40.0,216,15066,469,253
268,40,72,265.0,40.0,218,14708,352,134
277,35,73,275.0,40.0,222,12912,426,204
274,42,73,275.0,40.0,226,15436,469,243
272,42,73,275.0,40.0,224,15434,562,338
276,41,73,275.0,40.0,227,15077,464,237
276,42,73,275.0,40.0,228,15438,1001,773
278,35,73,275.0,40.0,223,12913,541,318
276,40,73,275.0,40.0,226,14716,1001,775
273,35,73,275.0,40.0,218,12908,363,145
275,40,73,275.0,40.0,225,14715,458,233
272,44,73,275.0,40.0,226,16156,1001,775
286,44,74,285.0,40.0,240,16170,613,373
287,42,74,285.0,40.0,239,15449,528,289
285,39,74,285.0,40.0,234,14364,421,187
287,37,74,285.0,40.0,234,13644,439,205
289,41,74,285.0,40.0,240,15090,534,294
285,36,74,285.0,40.0,231,13281,374,143
283,36,74,285.0,40.0,229,13279,549,320
287,38,74,285.0,40.0,235,14005,531,296
286,43,74,285.0,40.0,239,15809,568,329
288,40,74,285.0,40.0,238,14728,544,306
298,43,75,295.0,40.0,251,15821,521,270
297,39,75,295.0,40.0,246,14376,577,331
298,38,75,295.0,40.0,246,14016,617,371
296,40,75,295.0,40.0,246,14736,534,288
291,36,75,295.0,40.0,237,13287,562,325
295,43,75,295.0,40.0,248,15818,546,298
290,35,75,295.0,40.0,235,12925,622,387
298,42,75,295.0,40.0,250,15460,520,270
291,39,75,295.0,40.0,240,14370,510,270
290,36,75,295.0,40.0,236,13286,544,308
308,35,76,305.0,40.0,253,12943,1001,748
305,39,76,305.0,40.0,254,14384,552,298
304,39,76,305.0,40.0,253,14383,588,335
307,43,76,305.0,40.0,260,15830,556,296
307,36,76,305.0,40.0,253,13303,575,322
304,35,76,305.0,40.0,249,12939,566,317
303,44,76,305.0,40.0,257,16187,540,283
303,36,76,305.0,40.0,249,13299,581,332
303,37,76,305.0,40.0,250,13660,655,405
304,42,76,305.0,40.0,256,15466,565,309
314,37,77,312.5,40.0,261,13671,1001,740
312,39,77,312.5,40.0,261,14391,577,316
314,44,77,312.5,40.0,268,16198,687,419
314,41,77,312.5,40.0,265,15115,554,289
311,37,77,312.5,40.0,258,13668,590,332
310,40,77,312.5,40.0,260,14750,555,295
314,35,77,312.5,40.0,259,12949,1001,742
312,40,77,312.5,40.0,262,14752,877,615
313,43,77,312.5,40.0,266,15836,577,311
313,42,77,312.5,40.0,265,15475,552,287
