x,y,cell,cell_x,cell_y,opt_traj,point_id,steps_taken,extra_steps
64,20,0,65.0,20.0,14,7284,80,66
66,16,0,65.0,20.0,20,5842,94,74
69,15,0,65.0,20.0,24,5484,75,51
67,24,0,65.0,20.0,13,8731,34,21
60,22,0,65.0,20.0,8,8002,30,22
60,19,0,65.0,20.0,11,6919,46,35
61,21,0,65.0,20.0,10,7642,128,118
63,17,0,65.0,20.0,16,6200,76,60
68,16,0,65.0,20.0,22,5844,58,36
61,20,0,65.0,20.0,11,7281,36,25
73,23,1,75.0,20.0,20,8376,75,55
74,24,1,75.0,20.0,20,8738,36,16
75,17,1,75.0,20.0,28,6212,66,38
73,17,1,75.0,20.0,26,6210,69,43
70,17,1,75.0,20.0,23,6207,60,37
78,24,1,75.0,20.0,24,8742,65,41
79,15,1,75.0,20.0,34,5494,100,66
77,22,1,75.0,20.0,25,8019,45,20
70,23,1,75.0,20.0,17,8373,33,16
70,24,1,75.0,20.0,16,8734,31,15
81,24,2,85.0,20.0,27,8745,66,39
85,20,2,85.0,20.0,35,7305,73,38
84,22,2,85.0,20.0,32,8026,66,34
87,17,2,85.0,20.0,40,6224,58,18
89,24,2,85.0,20.0,35,8753,58,23
86,15,2,85.0,20.0,41,5501,86,45
81,23,2,85.0,20.0,28,8384,75,47
81,17,2,85.0,20.0,34,6218,58,24
87,21,2,85.0,20.0,36,7668,67,31
82,17,2,85.0,20.0,35,6219,74,39
98,22,3,95.0,20.0,46,8040,91,45
98,15,3,95.0,20.0,53,5513,87,34
90,16,3,95.0,20.0,44,5866,62,18
97,21,3,95.0,20.0,46,7678,95,49
97,21,3,95.0,20.0,46,7678,71,25
95,24,3,95.0,20.0,41,8759,89,48
98,19,3,95.0,20.0,49,6957,91,42
92,15,3,95.0,20.0,47,5507,106,59
95,20,3,95.0,20.0,45,7315,75,30
99,21,3,95.0,20.0,48,7680,92,44
100,22,4,105.0,20.0,48,8042,1001,953
107,20,4,105.0,20.0,57,7327,74,17
105,18,4,105.0,20.0,57,6603,130,73
105,17,4,105.0,20.0,58,6242,112,54
102,19,4,105.0,20.0,53,6961,120,67
100,16,4,105.0,20.0,54,5876,155,101
107,15,4,105.0,20.0,62,5522,144,82
100,17,4,105.0,20.0,53,6237,88,35
108,15,4,105.0,20.0,63,5523,119,56
108,19,4,105.0,20.0,59,6967,112,53
110,19,5,115.0,20.0,61,6969,175,114
118,21,5,115.0,20.0,67,7699,112,45
111,24,5,115.0,20.0,57,8775,132,75
112,23,5,115.0,20.0,59,8415,125,66
112,16,5,115.0,20.0,66,5888,118,52
116,17,5,115.0,20.0,69,6253,127,58
118,17,5,115.0,20.0,71,6255,184,113
112,19,5,115.0,20.0,63,6971,140,77
114,22,5,115.0,20.0,62,8056,184,122
113,22,5,115.0,20.0,61,8055,117,56
124,20,6,125.0,20.0,74,7344,202,128
125,24,6,125.0,20.0,71,8789,177,106
124,21,6,125.0,20.0,73,7705,237,164
123,21,6,125.0,20.0,72,7704,171,99
122,17,6,125.0,20.0,75,6259,177,102
123,22,6,125.0,20.0,71,8065,201,130
129,22,6,125.0,20.0,77,8071,225,148
122,18,6,125.0,20.0,74,6620,192,118
127,20,6,125.0,20.0,77,7347,200,123
129,22,6,125.0,20.0,77,8071,233,156
139,21,7,135.0,20.0,88,7720,221,133
136,23,7,135.0,20.0,83,8439,186,103
137,16,7,135.0,20.0,91,5913,177,86
133,21,7,135.0,20.0,82,7714,220,138
133,21,7,135.0,20.0,82,7714,201,119
139,17,7,135.0,20.0,92,6276,221,129
132,16,7,135.0,20.0,86,5908,190,104
135,21,7,135.0,20.0,84,7716,198,114
137,18,7,135.0,20.0,89,6635,232,143
135,19,7,135.0,20.0,86,6994,190,104
144,22,8,145.0,20.0,92,8086,230,138
147,18,8,145.0,20.0,99,6645,211,112
140,20,8,145.0,20.0,90,7360,186,96
148,24,8,145.0,20.0,94,8812,253,159
141,23,8,145.0,20.0,88,8444,275,187
140,18,8,145.0,20.0,92,6638,201,109
148,19,8,145.0,20.0,99,7007,211,112
149,19,8,145.0,20.0,100,7008,225,125
148,19,8,145.0,20.0,99,7007,246,147
149,21,8,145.0,20.0,98,7730,217,119
157,24,9,155.0,20.0,103,8821,220,117
157,20,9,155.0,20.0,107,7377,274,167
150,21,9,155.0,20.0,99,7731,222,123
156,17,9,155.0,20.0,109,6293,204,95
154,16,9,155.0,20.0,108,5930,194,86
158,23,9,155.0,20.0,105,8461,218,113
154,16,9,155.0,20.0,108,5930,226,118
158,20,9,155.0,20.0,108,7378,204,96
158,20,9,155.0,20.0,108,7378,205,97
158,17,9,155.0,20.0,111,6295,258,147
166,22,10,165.0,20.0,114,8108,248,134
163,15,10,165.0,20.0,118,5578,301,183
163,23,10,165.0,20.0,110,8466,236,126
164,23,10,165.0,20.0,111,8467,259,148
168,20,10,165.0,20.0,118,7388,272,154
161,19,10,165.0,20.0,112,7020,244,132
168,22,10,165.0,20.0,116,8110,299,183
168,16,10,165.0,20.0,122,5944,1001,879
169,15,10,165.0,20.0,124,5584,1001,877
161,21,10,165.0,20.0,110,7742,250,140
178,22,11,175.0,20.0,126,8120,300,174
173,21,11,175.0,20.0,122,7754,297,175
172,16,11,175.0,20.0,126,5948,348,222
178,15,11,175.0,20.0,133,5593,379,246
175,23,11,175.0,20.0,122,8478,301,179
178,17,11,175.0,20.0,131,6315,1001,870
179,24,11,175.0,20.0,125,8843,290,165
174,17,11,175.0,20.0,127,6311,349,222
177,16,11,175.0,20.0,131,5953,379,248
172,20,11,175.0,20.0,122,7392,271,149
185,23,12,185.0,20.0,132,8488,298,166
188,20,12,185.0,20.0,138,7408,310,172
186,24,12,185.0,20.0,132,8850,377,245
184,22,12,185.0,20.0,132,8126,342,210
186,19,12,185.0,20.0,137,7045,327,190
181,20,12,185.0,20.0,131,7401,306,175
184,17,12,185.0,20.0,137,6321,365,228
189,24,12,185.0,20.0,135,8853,304,169
188,22,12,185.0,20.0,136,8130,280,144
185,22,12,185.0,20.0,133,8127,275,142
198,21,13,195.0,20.0,147,7779,320,173
195,17,13,195.0,20.0,148,6332,290,142
197,18,13,195.0,20.0,149,6695,325,176
199,23,13,195.0,20.0,146,8502,339,193
190,23,13,195.0,20.0,137,8493,280,143
196,22,13,195.0,20.0,144,8138,281,137
192,24,13,195.0,20.0,138,8856,247,109
194,19,13,195.0,20.0,145,7053,313,168
194,21,13,195.0,20.0,143,7775,347,204
193,15,13,195.0,20.0,148,5608,718,570
209,20,14,205.0,20.0,159,7429,370,211
200,18,14,205.0,20.0,152,6698,464,312
208,20,14,205.0,20.0,158,7428,301,143
205,19,14,205.0,20.0,156,7064,304,148
208,22,14,205.0,20.0,156,8150,306,150
200,20,14,205.0,20.0,150,7420,324,174
208,17,14,205.0,20.0,161,6345,721,560
202,24,14,205.0,20.0,148,8866,263,115
207,24,14,205.0,20.0,153,8871,353,200
205,21,14,205.0,20.0,154,7786,790,636
217,20,15,215.0,20.0,167,7437,720,553
218,17,15,215.0,20.0,171,6355,410,239
215,16,15,215.0,20.0,169,5991,376,207
219,15,15,215.0,20.0,174,5634,692,518
218,18,15,215.0,20.0,170,6716,713,543
211,21,15,215.0,20.0,160,7792,336,176
217,23,15,215.0,20.0,164,8520,336,172
217,18,15,215.0,20.0,169,6715,329,160
218,17,15,215.0,20.0,171,6355,713,542
215,16,15,215.0,20.0,169,5991,358,189
221,16,16,225.0,20.0,175,5997,687,512
228,24,16,225.0,20.0,174,8892,377,203
221,24,16,225.0,20.0,167,8885,307,140
223,22,16,225.0,20.0,171,8165,414,243
229,19,16,225.0,20.0,180,7088,429,249
221,18,16,225.0,20.0,173,6719,707,534
226,23,16,225.0,20.0,173,8529,281,108
223,24,16,225.0,20.0,169,8887,1001,832
225,18,16,225.0,20.0,177,6723,703,526
226,23,16,225.0,20.0,173,8529,382,209
235,23,17,235.0,20.0,182,8538,438,256
232,22,17,235.0,20.0,180,8174,464,284
239,16,17,235.0,20.0,193,6015,406,213
238,16,17,235.0,20.0,192,6014,401,209
237,19,17,235.0,20.0,188,7096,394,206
233,23,17,235.0,20.0,180,8536,432,252
236,17,17,235.0,20.0,189,6373,417,228
233,24,17,235.0,20.0,179,8897,376,197
233,23,17,235.0,20.0,180,8536,349,169
230,22,17,235.0,20.0,178,8172,389,211
248,18,18,245.0,20.0,200,6746,418,218
246,21,18,245.0,20.0,195,7827,424,229
246,19,18,245.0,20.0,197,7105,385,188
245,16,18,245.0,20.0,199,6021,409,210
246,19,18,245.0,20.0,197,7105,385,188
246,17,18,245.0,20.0,199,6383,387,188
241,24,18,245.0,20.0,187,8905,476,289
244,20,18,245.0,20.0,194,7464,411,217
248,19,18,245.0,20.0,199,7107,383,184
246,19,18,245.0,20.0,197,7105,385,188
256,21,19,255.0,20.0,205,7837,424,219
257,21,19,255.0,20.0,206,7838,429,223
257,18,19,255.0,20.0,209,6755,386,177
253,19,19,255.0,20.0,204,7112,378,174
256,24,19,255.0,20.0,202,8920,441,239
253,22,19,255.0,20.0,201,8195,407,206
254,23,19,255.0,20.0,201,8557,411,210
250,17,19,255.0,20.0,203,6387,390,187
258,16,19,255.0,20.0,212,6034,397,185
252,19,19,255.0,20.0,203,7111,379,176
269,20,20,265.0,20.0,219,7489,376,157
269,22,20,265.0,20.0,217,8211,405,188
267,21,20,265.0,20.0,216,7848,374,158
267,20,20,265.0,20.0,217,7487,468,251
263,24,20,265.0,20.0,209,8927,385,176
266,24,20,265.0,20.0,212,8930,421,209
264,18,20,265.0,20.0,216,6762,378,162
262,17,20,265.0,20.0,215,6399,392,177
260,22,20,265.0,20.0,208,8202,406,198
263,16,20,265.0,20.0,217,6039,375,158
278,23,21,275.0,20.0,225,8581,407,182
276,16,21,275.0,20.0,230,6052,446,216
275,19,21,275.0,20.0,226,7134,459,233
278,21,21,275.0,20.0,227,7859,403,176
274,22,21,275.0,20.0,222,8216,413,191
273,21,21,275.0,20.0,222,7854,412,190
271,24,21,275.0,20.0,217,8935,455,238
270,16,21,275.0,20.0,224,6046,397,173
276,21,21,275.0,20.0,225,7857,396,171
272,18,21,275.0,20.0,224,6770,395,171
280,20,22,285.0,20.0,230,7500,403,173
289,22,22,285.0,20.0,237,8231,462,225
281,23,22,285.0,20.0,228,8584,386,158
282,22,22,285.0,20.0,230,8224,389,159
286,24,22,285.0,20.0,232,8950,390,158
285,21,22,285.0,20.0,234,7866,427,193
288,21,22,285.0,20.0,237,7869,412,175
281,19,22,285.0,20.0,232,7140,418,186
284,23,22,285.0,20.0,231,8587,412,181
284,24,22,285.0,20.0,230,8948,410,180
293,20,23,295.0,20.0,243,7513,402,159
298,23,23,295.0,20.0,245,8601,418,173
296,21,23,295.0,20.0,245,7877,416,171
298,20,23,295.0,20.0,248,7518,456,208
296,21,23,295.0,20.0,245,7877,557,312
290,18,23,295.0,20.0,242,6788,412,170
298,20,23,295.0,20.0,248,7518,418,170
298,15,23,295.0,20.0,253,5713,433,180
295,21,23,295.0,20.0,244,7876,401,157
290,18,23,295.0,20.0,242,6788,466,224
308,17,24,305.0,20.0,261,6445,467,206
301,22,24,305.0,20.0,249,8243,436,187
308,21,24,305.0,20.0,257,7889,468,211
304,17,24,305.0,20.0,257,6441,586,329
306,22,24,305.0,20.0,254,8248,563,309
309,22,24,305.0,20.0,257,8251,588,331
300,16,24,305.0,20.0,254,6076,477,223
303,16,24,305.0,20.0,257,6079,461,204
301,21,24,305.0,20.0,250,7882,407,157
302,22,24,305.0,20.0,250,8244,428,178
313,24,25,312.5,20.0,259,8977,600,341
310,17,25,312.5,20.0,263,6447,595,332
311,20,25,312.5,20.0,261,7531,447,186
313,20,25,312.5,20.0,263,7533,478,215
312,16,25,312.5,20.0,266,6088,607,341
314,17,25,312.5,20.0,267,6451,513,246
313,20,25,312.5,20.0,263,7533,449,186
311,19,25,312.5,20.0,262,7170,580,318
313,17,25,312.5,20.0,266,6450,585,319
314,20,25,312.5,20.0,264,7534,453,189
63,26,26,65.0,30.0,7,9449,130,123
64,25,26,65.0,30.0,9,9089,55,46
69,33,26,65.0,30.0,12,11982,29,17
60,31,26,65.0,30.0,1,11251,2,1
66,26,26,65.0,30.0,10,9452,39,29
64,25,26,65.0,30.0,9,9089,44,35
68,26,26,65.0,30.0,12,9454,27,15
69,32,26,65.0,30.0,11,11621,40,29
63,26,26,65.0,30.0,7,9449,74,67
64,34,26,65.0,30.0,8,12338,24,16
70,25,27,75.0,30.0,15,9095,30,15
77,34,27,75.0,30.0,21,12351,70,49
72,27,27,75.0,30.0,15,9819,45,30
79,29,27,75.0,30.0,20,10548,60,40
79,34,27,75.0,30.0,23,12353,27,4
73,30,27,75.0,30.0,13,10903,16,3
70,31,27,75.0,30.0,11,11261,14,3
74,32,27,75.0,30.0,16,11626,36,20
78,33,27,75.0,30.0,21,11991,86,65
71,25,27,75.0,30.0,16,9096,47,31
82,27,28,85.0,30.0,25,9829,49,24
81,33,28,85.0,30.0,24,11994,32,8
81,25,28,85.0,30.0,26,9106,85,59
88,27,28,85.0,30.0,31,9835,60,29
83,32,28,85.0,30.0,25,11635,67,42
84,29,28,85.0,30.0,25,10553,152,127
83,26,28,85.0,30.0,27,9469,48,21
81,31,28,85.0,30.0,22,11272,77,55
86,28,28,85.0,30.0,28,10194,106,78
86,34,28,85.0,30.0,30,12360,82,52
99,27,29,95.0,30.0,42,9846,106,64
96,26,29,95.0,30.0,40,9482,153,113
95,31,29,95.0,30.0,36,11286,59,23
99,26,29,95.0,30.0,43,9485,93,50
99,25,29,95.0,30.0,44,9124,59,15
99,30,29,95.0,30.0,39,10929,78,39
96,33,29,95.0,30.0,39,12009,84,45
91,26,29,95.0,30.0,35,9477,74,39
95,26,29,95.0,30.0,39,9481,121,82
90,27,29,95.0,30.0,33,9837,59,26
109,29,30,105.0,30.0,50,10578,89,39
104,31,30,105.0,30.0,45,11295,72,27
106,32,30,105.0,30.0,48,11658,167,119
107,34,30,105.0,30.0,51,12381,106,55
108,32,30,105.0,30.0,50,11660,114,64
100,29,30,105.0,30.0,41,10569,133,92
103,31,30,105.0,30.0,44,11294,73,29
100,27,30,105.0,30.0,43,9847,93,50
104,29,30,105.0,30.0,45,10573,64,19
105,28,30,105.0,30.0,47,10213,152,105
110,33,31,115.0,30.0,53,12023,95,42
117,34,31,115.0,30.0,61,12391,256,195
117,32,31,115.0,30.0,59,11669,291,232
117,27,31,115.0,30.0,60,9864,96,36
116,33,31,115.0,30.0,59,12029,875,816
116,26,31,115.0,30.0,60,9502,115,55
112,26,31,115.0,30.0,56,9498,155,99
119,32,31,115.0,30.0,61,11671,125,64
117,30,31,115.0,30.0,57,10947,95,38
113,29,31,115.0,30.0,54,10582,93,39
124,31,32,125.0,30.0,65,11315,233,168
125,27,32,125.0,30.0,68,9872,1001,933
127,34,32,125.0,30.0,71,12401,862,791
124,29,32,125.0,30.0,65,10593,384,319
125,30,32,125.0,30.0,65,10955,879,814
126,29,32,125.0,30.0,67,10595,715,648
121,33,32,125.0,30.0,64,12034,875,811
127,26,32,125.0,30.0,71,9513,262,191
124,25,32,125.0,30.0,69,9149,177,108
120,26,32,125.0,30.0,64,9506,177,113
138,32,33,135.0,30.0,80,11690,808,728
138,30,33,135.0,30.0,78,10968,352,274
135,30,33,135.0,30.0,75,10965,336,261
135,34,33,135.0,30.0,79,12409,863,784
132,32,33,135.0,30.0,74,11684,872,798
139,26,33,135.0,30.0,83,9525,316,233
135,31,33,135.0,30.0,76,11326,866,790
136,33,33,135.0,30.0,79,12049,854,775
130,34,33,135.0,30.0,74,12404,849,775
138,34,33,135.0,30.0,82,12412,806,724
149,25,34,145.0,30.0,94,9174,247,153
140,26,34,145.0,30.0,84,9526,334,250
143,28,34,145.0,30.0,85,10251,297,212
142,34,34,145.0,30.0,86,12416,802,716
144,26,34,145.0,30.0,88,9530,300,212
144,34,34,145.0,30.0,88,12418,800,712
148,30,34,145.0,30.0,88,10978,230,142
140,29,34,145.0,30.0,81,10609,342,261
148,33,34,145.0,30.0,91,12061,308,217
149,30,34,145.0,30.0,89,10979,307,218
159,26,35,155.0,30.0,103,9545,215,112
158,30,35,155.0,30.0,98,10988,814,716
151,28,35,155.0,30.0,93,10259,226,133
151,31,35,155.0,30.0,92,11342,802,710
155,29,35,155.0,30.0,96,10624,230,134
158,29,35,155.0,30.0,99,10627,244,145
157,26,35,155.0,30.0,101,9543,261,160
159,29,35,155.0,30.0,100,10628,261,161
155,28,35,155.0,30.0,97,10263,227,130
158,31,35,155.0,30.0,99,11349,329,230
166,31,36,165.0,30.0,107,11357,329,222
161,25,36,165.0,30.0,106,9186,277,171
165,27,36,165.0,30.0,108,9912,292,184
168,25,36,165.0,30.0,113,9193,269,156
165,25,36,165.0,30.0,110,9190,265,155
168,31,36,165.0,30.0,109,11359,274,165
161,26,36,165.0,30.0,105,9547,236,131
167,30,36,165.0,30.0,107,10997,316,209
161,27,36,165.0,30.0,104,9908,291,187
160,29,36,165.0,30.0,101,10629,270,169
170,33,37,175.0,30.0,113,12083,806,693
175,25,37,175.0,30.0,120,9200,238,118
177,25,37,175.0,30.0,122,9202,242,120
171,26,37,175.0,30.0,115,9557,268,153
177,26,37,175.0,30.0,121,9563,235,114
173,33,37,175.0,30.0,116,12086,752,636
173,26,37,175.0,30.0,117,9559,244,127
178,30,37,175.0,30.0,118,11008,286,168
176,27,37,175.0,30.0,119,9923,264,145
172,28,37,175.0,30.0,114,10280,230,116
187,27,38,185.0,30.0,130,9934,255,125
188,30,38,185.0,30.0,128,11018,317,189
185,31,38,185.0,30.0,126,11376,277,151
180,32,38,185.0,30.0,122,11732,247,125
180,27,38,185.0,30.0,123,9927,252,129
183,31,38,185.0,30.0,124,11374,249,125
187,26,38,185.0,30.0,131,9573,300,169
186,33,38,185.0,30.0,129,12099,273,144
180,34,38,185.0,30.0,124,12454,268,144
185,25,38,185.0,30.0,130,9210,276,146
192,30,39,195.0,30.0,132,11022,268,136
198,32,39,195.0,30.0,140,11750,417,277
192,26,39,195.0,30.0,136,9578,279,143
190,25,39,195.0,30.0,135,9215,245,110
190,25,39,195.0,30.0,135,9215,252,117
195,27,39,195.0,30.0,138,9942,261,123
198,32,39,195.0,30.0,140,11750,276,136
192,33,39,195.0,30.0,135,12105,280,145
199,34,39,195.0,30.0,143,12473,280,137
198,33,39,195.0,30.0,141,12111,295,154
203,33,40,205.0,30.0,146,12116,275,129
206,33,40,205.0,30.0,149,12119,282,133
200,29,40,205.0,30.0,141,10669,305,164
203,25,40,205.0,30.0,148,9228,294,146
202,30,40,205.0,30.0,142,11032,418,276
203,29,40,205.0,30.0,144,10672,320,176
209,33,40,205.0,30.0,152,12122,436,284
203,27,40,205.0,30.0,146,9950,304,158
202,28,40,205.0,30.0,144,10310,265,121
200,29,40,205.0,30.0,141,10669,306,165
212,31,41,215.0,30.0,153,11403,1001,848
215,29,41,215.0,30.0,156,10684,282,126
219,32,41,215.0,30.0,161,11771,323,162
210,25,41,215.0,30.0,155,9235,290,135
210,33,41,215.0,30.0,153,12123,305,152
214,25,41,215.0,30.0,159,9239,289,130
218,25,41,215.0,30.0,163,9243,309,146
216,28,41,215.0,30.0,158,10324,304,146
218,29,41,215.0,30.0,159,10687,313,154
219,28,41,215.0,30.0,161,10327,301,140
227,34,42,225.0,30.0,171,12501,1001,830
220,31,42,225.0,30.0,161,11411,290,129
222,28,42,225.0,30.0,164,10330,345,181
223,26,42,225.0,30.0,167,9609,297,130
221,27,42,225.0,30.0,164,9968,364,200
226,32,42,225.0,30.0,168,11778,313,145
227,33,42,225.0,30.0,170,12140,338,168
228,30,42,225.0,30.0,168,11058,442,274
226,32,42,225.0,30.0,168,11778,1001,833
228,32,42,225.0,30.0,170,11780,356,186
236,32,43,235.0,30.0,178,11788,448,270
232,29,43,235.0,30.0,173,10701,472,299
235,25,43,235.0,30.0,180,9260,356,176
238,34,43,235.0,30.0,182,12512,494,312
231,33,43,235.0,30.0,174,12144,462,288
232,34,43,235.0,30.0,176,12506,340,164
233,27,43,235.0,30.0,176,9980,396,220
237,33,43,235.0,30.0,180,12150,338,158
232,27,43,235.0,30.0,175,9979,558,383
237,32,43,235.0,30.0,179,11789,334,155
244,25,44,245.0,30.0,189,9269,485,296
246,31,44,245.0,30.0,187,11437,480,293
245,28,44,245.0,30.0,187,10353,473,286
246,31,44,245.0,30.0,187,11437,473,286
247,29,44,245.0,30.0,188,10716,1001,813
242,33,44,245.0,30.0,185,12155,500,315
243,30,44,245.0,30.0,183,11073,469,286
244,33,44,245.0,30.0,187,12157,480,293
249,26,44,245.0,30.0,193,9635,467,274
245,28,44,245.0,30.0,187,10353,487,300
250,33,45,255.0,30.0,193,12163,513,320
258,33,45,255.0,30.0,201,12171,372,171
250,32,45,255.0,30.0,192,11802,473,281
259,30,45,255.0,30.0,199,11089,384,185
250,30,45,255.0,30.0,190,11080,517,327
259,26,45,255.0,30.0,203,9645,477,274
254,32,45,255.0,30.0,196,11806,556,360
258,27,45,255.0,30.0,201,10005,565,364
250,29,45,255.0,30.0,191,10719,503,312
253,28,45,255.0,30.0,195,10361,503,308
266,33,46,265.0,30.0,209,12179,400,191
262,25,46,265.0,30.0,207,9287,364,157
264,29,46,265.0,30.0,205,10733,394,189
262,29,46,265.0,30.0,203,10731,386,183
260,25,46,265.0,30.0,205,9285,397,192
261,25,46,265.0,30.0,206,9286,467,261
269,26,46,265.0,30.0,213,9655,408,195
265,25,46,265.0,30.0,210,9290,365,155
264,25,46,265.0,30.0,209,9289,407,198
268,30,46,265.0,30.0,208,11098,370,162
279,25,47,275.0,30.0,224,9304,402,178
279,30,47,275.0,30.0,219,11109,440,221
275,25,47,275.0,30.0,220,9300,375,155
275,26,47,275.0,30.0,219,9661,399,180
275,31,47,275.0,30.0,216,11466,370,154
278,32,47,275.0,30.0,220,11830,373,153
270,34,47,275.0,30.0,214,12544,379,165
277,30,47,275.0,30.0,217,11107,451,234
279,27,47,275.0,30.0,222,10026,397,175
278,26,47,275.0,30.0,222,9664,397,175
286,25,48,285.0,30.0,231,9311,403,172
284,25,48,285.0,30.0,229,9309,405,176
289,30,48,285.0,30.0,229,11119,395,166
285,26,48,285.0,30.0,229,9671,603,374
286,31,48,285.0,30.0,227,11477,381,154
285,34,48,285.0,30.0,229,12559,390,161
285,26,48,285.0,30.0,229,9671,413,184
289,32,48,285.0,30.0,231,11841,456,225
282,32,48,285.0,30.0,224,11834,462,238
280,30,48,285.0,30.0,220,11110,447,227
291,28,49,295.0,30.0,233,10399,456,223
299,34,49,295.0,30.0,243,12573,589,346
295,31,49,295.0,30.0,236,11486,430,194
299,33,49,295.0,30.0,242,12212,422,180
297,28,49,295.0,30.0,239,10405,447,208
299,29,49,295.0,30.0,240,10768,542,302
295,32,49,295.0,30.0,237,11847,438,201
292,26,49,295.0,30.0,236,9678,426,190
292,31,49,295.0,30.0,233,11483,528,295
294,34,49,295.0,30.0,238,12568,389,151
301,27,50,305.0,30.0,244,10048,564,320
304,30,50,305.0,30.0,244,11134,400,156
309,25,50,305.0,30.0,254,9334,446,192
309,33,50,305.0,30.0,252,12222,563,311
306,32,50,305.0,30.0,248,11858,425,177
309,30,50,305.0,30.0,249,11139,430,181
307,34,50,305.0,30.0,251,12581,427,176
306,32,50,305.0,30.0,248,11858,441,193
306,28,50,305.0,30.0,248,10414,417,169
303,28,50,305.0,30.0,245,10411,459,214
310,31,51,312.5,30.0,251,11501,592,341
313,25,51,312.5,30.0,258,9338,462,204
312,27,51,312.5,30.0,255,10059,478,223
310,26,51,312.5,30.0,254,9696,426,172
311,28,51,312.5,30.0,253,10419,440,187
311,25,51,312.5,30.0,256,9336,442,186
313,30,51,312.5,30.0,253,11143,451,198
311,25,51,312.5,30.0,256,9336,465,209
311,25,51,312.5,30.0,256,9336,440,184
314,29,51,312.5,30.0,255,10783,1001,746
64,35,52,65.0,40.0,9,12699,32,23
64,36,52,65.0,40.0,10,13060,51,41
64,42,52,65.0,40.0,16,15226,83,67
62,42,52,65.0,40.0,14,15224,70,56
60,43,52,65.0,40.0,13,15583,54,41
64,41,52,65.0,40.0,15,14865,47,32
61,42,52,65.0,40.0,13,15223,64,51
68,43,52,65.0,40.0,21,15591,72,51
63,39,52,65.0,40.0,12,14142,56,44
60,35,52,65.0,40.0,5,12695,6,1
72,35,53,75.0,40.0,17,12707,67,50
77,40,53,75.0,40.0,27,14517,45,18
79,37,53,75.0,40.0,26,13436,56,30
74,38,53,75.0,40.0,22,13792,49,27
77,42,53,75.0,40.0,29,15239,59,30
74,40,53,75.0,40.0,24,14514,105,81
77,36,53,75.0,40.0,23,13073,34,11
74,35,53,75.0,40.0,19,12709,29,10
71,36,53,75.0,40.0,17,13067,44,27
71,43,53,75.0,40.0,24,15594,241,217
85,43,54,85.0,40.0,38,15608,102,64
81,43,54,85.0,40.0,34,15604,107,73
87,42,54,85.0,40.0,39,15249,160,121
83,38,54,85.0,40.0,31,13801,34,3
86,43,54,85.0,40.0,39,15609,114,75
88,41,54,85.0,40.0,39,14889,57,18
87,38,54,85.0,40.0,35,13805,45,10
83,37,54,85.0,40.0,30,13440,45,15
80,41,54,85.0,40.0,31,14881,76,45
88,44,54,85.0,40.0,42,15972,86,44
90,36,55,95.0,40.0,36,13086,92,56
98,42,55,95.0,40.0,50,15260,140,90
92,42,55,95.0,40.0,44,15254,114,70
99,43,55,95.0,40.0,52,15622,144,92
94,44,55,95.0,40.0,48,15978,91,43
99,35,55,95.0,40.0,44,12734,101,57
93,39,55,95.0,40.0,42,14172,89,47
91,41,55,95.0,40.0,42,14892,62,20
96,42,55,95.0,40.0,48,15258,121,73
91,43,55,95.0,40.0,44,15614,103,59
103,43,56,105.0,40.0,56,15626,79,23
100,37,56,105.0,40.0,47,13457,72,25
104,42,56,105.0,40.0,56,15266,105,49
107,40,56,105.0,40.0,57,14547,60,3
104,43,56,105.0,40.0,57,15627,156,99
102,38,56,105.0,40.0,50,13820,120,70
100,43,56,105.0,40.0,53,15623,118,65
102,44,56,105.0,40.0,56,15986,99,43
102,35,56,105.0,40.0,47,12737,123,76
106,43,56,105.0,40.0,59,15629,103,44
114,36,57,115.0,40.0,60,13110,63,3
118,44,57,115.0,40.0,72,16002,928,856
112,38,57,115.0,40.0,60,13830,77,17
110,43,57,115.0,40.0,63,15633,159,96
112,40,57,115.0,40.0,62,14552,92,30
118,40,57,115.0,40.0,68,14558,122,54
111,37,57,115.0,40.0,58,13468,81,23
110,41,57,115.0,40.0,61,14911,176,115
116,39,57,115.0,40.0,65,14195,76,11
118,36,57,115.0,40.0,64,13114,93,29
129,42,58,125.0,40.0,81,15291,873,792
121,40,58,125.0,40.0,71,14561,895,824
127,42,58,125.0,40.0,79,15289,914,835
128,35,58,125.0,40.0,73,12763,859,786
129,36,58,125.0,40.0,75,13125,869,794
128,37,58,125.0,40.0,75,13485,843,768
126,36,58,125.0,40.0,72,13122,846,774
121,43,58,125.0,40.0,74,15644,169,95
125,42,58,125.0,40.0,77,15287,931,854
129,37,58,125.0,40.0,76,13486,842,766
133,40,59,135.0,40.0,83,14573,850,767
130,41,59,135.0,40.0,81,14931,931,850
134,41,59,135.0,40.0,85,14935,848,763
135,43,59,135.0,40.0,88,15658,923,835
136,40,59,135.0,40.0,86,14576,843,757
138,36,59,135.0,40.0,84,13134,816,732
131,44,59,135.0,40.0,85,16015,886,801
132,36,59,135.0,40.0,78,13128,864,786
139,36,59,135.0,40.0,85,13135,857,772
139,35,59,135.0,40.0,84,12774,828,744
149,36,60,145.0,40.0,95,13145,826,731
145,40,60,145.0,40.0,95,14585,851,756
140,38,60,145.0,40.0,88,13858,823,735
147,41,60,145.0,40.0,98,14948,844,746
142,35,60,145.0,40.0,87,12777,827,740
146,44,60,145.0,40.0,100,16030,840,740
146,38,60,145.0,40.0,94,13864,846,752
147,39,60,145.0,40.0,96,14226,846,750
145,41,60,145.0,40.0,96,14946,828,732
148,37,60,145.0,40.0,95,13505,813,718
155,43,61,155.0,40.0,108,15678,826,718
154,38,61,155.0,40.0,102,13872,829,727
150,40,61,155.0,40.0,100,14590,831,731
159,40,61,155.0,40.0,109,14599,799,690
151,35,61,155.0,40.0,96,12786,792,696
156,39,61,155.0,40.0,105,14235,810,705
151,40,61,155.0,40.0,101,14591,815,714
155,44,61,155.0,40.0,109,16039,841,732
152,43,61,155.0,40.0,105,15675,868,763
152,37,61,155.0,40.0,99,13509,835,736
167,44,62,165.0,40.0,121,16051,803,682
169,44,62,165.0,40.0,123,16053,782,659
162,44,62,165.0,40.0,116,16046,811,695
167,35,62,165.0,40.0,112,12802,800,688
163,44,62,165.0,40.0,117,16047,867,750
166,43,62,165.0,40.0,119,15689,796,677
167,43,62,165.0,40.0,120,15690,784,664
165,36,62,165.0,40.0,111,13161,800,689
168,42,62,165.0,40.0,120,15330,766,646
162,37,62,165.0,40.0,109,13519,780,671
177,43,63,175.0,40.0,130,15700,799,669
176,44,63,175.0,40.0,130,16060,806,676
170,38,63,175.0,40.0,118,13888,760,642
173,36,63,175.0,40.0,119,13169,763,644
172,43,63,175.0,40.0,125,15695,795,670
177,41,63,175.0,40.0,128,14978,785,657
176,40,63,175.0,40.0,126,14616,772,646
178,38,63,175.0,40.0,126,13896,292,166
175,37,63,175.0,40.0,122,13532,768,646
172,40,63,175.0,40.0,122,14612,764,642
186,41,64,185.0,40.0,137,14987,308,171
187,43,64,185.0,40.0,140,15710,296,156
180,36,64,185.0,40.0,126,13176,298,172
188,44,64,185.0,40.0,142,16072,279,137
182,37,64,185.0,40.0,129,13539,272,143
186,39,64,185.0,40.0,135,14265,314,179
188,43,64,185.0,40.0,141,15711,289,148
188,44,64,185.0,40.0,142,16072,286,144
182,35,64,185.0,40.0,127,12817,252,125
180,43,64,185.0,40.0,133,15703,783,650
193,43,65,195.0,40.0,146,15716,286,140
195,37,65,195.0,40.0,142,13552,284,142
194,41,65,195.0,40.0,145,14995,288,143
193,40,65,195.0,40.0,143,14633,277,134
194,41,65,195.0,40.0,145,14995,287,142
199,43,65,195.0,40.0,152,15722,677,525
193,41,65,195.0,40.0,144,14994,283,139
193,42,65,195.0,40.0,145,15355,430,285
192,38,65,195.0,40.0,140,13910,298,158
198,37,65,195.0,40.0,145,13555,277,132
200,39,66,205.0,40.0,149,14279,293,144
206,35,66,205.0,40.0,151,12841,331,180
203,40,66,205.0,40.0,153,14643,312,159
202,38,66,205.0,40.0,150,13920,291,141
204,39,66,205.0,40.0,153,14283,294,141
205,36,66,205.0,40.0,151,13201,478,327
203,36,66,205.0,40.0,149,13199,308,159
204,42,66,205.0,40.0,156,15366,291,135
204,38,66,205.0,40.0,152,13922,284,132
208,44,66,205.0,40.0,162,16092,289,127
219,42,67,215.0,40.0,171,15381,327,156
211,39,67,215.0,40.0,160,14290,289,129
218,44,67,215.0,40.0,172,16102,329,157
215,35,67,215.0,40.0,160,12850,313,153
218,43,67,215.0,40.0,171,15741,298,127
214,38,67,215.0,40.0,162,13932,303,141
218,42,67,215.0,40.0,170,15380,336,166
216,44,67,215.0,40.0,170,16100,348,178
211,35,67,215.0,40.0,156,12846,295,139
214,39,67,215.0,40.0,163,14293,296,133
228,37,68,225.0,40.0,175,13585,378,203
227,37,68,225.0,40.0,174,13584,372,198
227,41,68,225.0,40.0,178,15028,317,139
228,39,68,225.0,40.0,177,14307,327,150
224,37,68,225.0,40.0,171,13581,463,292
220,37,68,225.0,40.0,167,13577,352,185
224,41,68,225.0,40.0,175,15025,346,171
225,42,68,225.0,40.0,177,15387,326,149
224,42,68,225.0,40.0,176,15386,327,151
222,43,68,225.0,40.0,175,15745,341,166
234,44,69,235.0,40.0,188,16118,350,162
239,36,69,235.0,40.0,185,13235,460,275
234,36,69,235.0,40.0,180,13230,477,297
232,37,69,235.0,40.0,179,13589,345,166
236,39,69,235.0,40.0,185,14315,359,174
234,39,69,235.0,40.0,183,14313,321,138
234,39,69,235.0,40.0,183,14313,321,138
238,43,69,235.0,40.0,191,15761,319,128
231,41,69,235.0,40.0,182,15032,323,141
236,41,69,235.0,40.0,187,15037,336,149
247,39,70,245.0,40.0,196,14326,334,138
242,37,70,245.0,40.0,189,13599,356,167
247,39,70,245.0,40.0,196,14326,345,149
248,44,70,245.0,40.0,202,16132,376,174
245,41,70,245.0,40.0,196,15046,331,135
246,38,70,245.0,40.0,194,13964,368,174
245,42,70,245.0,40.0,197,15407,405,208
249,43,70,245.0,40.0,202,15772,330,128
243,40,70,245.0,40.0,193,14683,368,175
247,37,70,245.0,40.0,194,13604,464,270
258,35,71,255.0,40.0,203,12893,359,156
257,36,71,255.0,40.0,203,13253,386,183
255,36,71,255.0,40.0,201,13251,379,178
251,40,71,255.0,40.0,201,14691,337,136
251,38,71,255.0,40.0,199,13969,345,146
258,38,71,255.0,40.0,206,13976,351,145
254,39,71,255.0,40.0,203,14333,418,215
250,40,71,255.0,40.0,200,14690,336,136
256,42,71,255.0,40.0,208,15418,340,132
250,35,71,255.0,40.0,195,12885,472,277
263,37,72,265.0,40.0,210,13620,380,170
262,36,72,265.0,40.0,208,13258,362,154
262,44,72,265.0,40.0,216,16146,363,147
261,40,72,265.0,40.0,211,14701,381,170
263,39,72,265.0,40.0,212,14342,409,197
260,37,72,265.0,40.0,207,13617,361,154
261,43,72,265.0,40.0,214,15784,342,128
269,36,72,265.0,40.0,215,13265,370,155
269,37,72,265.0,40.0,216,13626,378,162
262,42,72,265.0,40.0,214,15424,373,159
273,41,73,275.0,40.0,224,15074,379,155
272,35,73,275.0,40.0,217,12907,364,147
279,38,73,275.0,40.0,227,13997,368,141
279,35,73,275.0,40.0,224,12914,369,145
272,38,73,275.0,40.0,220,13990,385,165
278,37,73,275.0,40.0,225,13635,415,190
278,39,73,275.0,40.0,227,14357,365,138
276,43,73,275.0,40.0,229,15799,421,192
272,40,73,275.0,40.0,222,14712,458,236
272,39,73,275.0,40.0,221,14351,422,201
282,38,74,285.0,40.0,230,14000,418,188
288,36,74,285.0,40.0,234,13284,400,166
284,39,74,285.0,40.0,233,14363,533,300
284,38,74,285.0,40.0,232,14002,395,163
280,38,74,285.0,40.0,228,13998,542,314
286,41,74,285.0,40.0,237,15087,413,176
289,41,74,285.0,40.0,240,15090,412,172
287,35,74,285.0,40.0,232,12922,406,174
281,43,74,285.0,40.0,234,15804,409,175
288,44,74,285.0,40.0,242,16172,1001,759
290,43,75,295.0,40.0,243,15813,412,169
292,44,75,295.0,40.0,246,16176,588,342
297,37,75,295.0,40.0,244,13654,523,279
298,44,75,295.0,40.0,252,16182,539,287
293,42,75,295.0,40.0,245,15455,539,294
295,41,75,295.0,40.0,246,15096,561,315
292,44,75,295.0,40.0,246,16176,586,340
290,42,75,295.0,40.0,242,15452,549,307
297,43,75,295.0,40.0,250,15820,547,297
296,39,75,295.0,40.0,245,14375,556,311
300,38,76,305.0,40.0,248,14018,518,270
308,44,76,305.0,40.0,262,16192,540,278
308,36,76,305.0,40.0,254,13304,545,291
300,40,76,305.0,40.0,250,14740,542,292
308,39,76,305.0,40.0,257,14387,434,177
309,44,76,305.0,40.0,263,16193,533,270
307,38,76,305.0,40.0,255,14025,572,317
305,43,76,305.0,40.0,258,15828,545,287
304,44,76,305.0,40.0,258,16188,543,285
308,36,76,305.0,40.0,254,13304,563,309
310,44,77,312.5,40.0,264,16194,556,292
314,40,77,312.5,40.0,264,14754,557,293
311,35,77,312.5,40.0,256,12946,570,314
312,42,77,312.5,40.0,264,15474,544,280
310,39,77,312.5,40.0,259,14389,569,310
313,43,77,312.5,40.0,266,15836,550,284
310,44,77,312.5,40.0,264,16194,556,292
313,41,77,312.5,40.0,264,15114,577,313
314,41,77,312.5,40.0,265,15115,552,287
310,40,77,312.5,40.0,260,14750,441,181
