x,y,cell,cell_x,cell_y,opt_traj,point_id,steps_taken,extra_steps
66,19,0,65.0,20.0,17,6925,1001,984
65,18,0,65.0,20.0,17,6563,33,16
60,22,0,65.0,20.0,8,8002,30,22
66,19,0,65.0,20.0,17,6925,122,105
61,21,0,65.0,20.0,10,7642,86,76
67,21,0,65.0,20.0,16,7648,31,15
65,24,0,65.0,20.0,11,8729,25,14
69,22,0,65.0,20.0,17,8011,44,27
68,16,0,65.0,20.0,22,5844,69,47
65,23,0,65.0,20.0,12,8368,81,69
79,23,1,75.0,20.0,26,8382,49,23
76,24,1,75.0,20.0,22,8740,93,71
70,17,1,75.0,20.0,23,6207,45,22
71,18,1,75.0,20.0,23,6569,67,44
73,20,1,75.0,20.0,23,7293,57,34
78,22,1,75.0,20.0,26,8020,56,30
72,23,1,75.0,20.0,19,8375,33,14
78,23,1,75.0,20.0,25,8381,89,64
79,21,1,75.0,20.0,28,7660,63,35
79,19,1,75.0,20.0,30,6938,58,28
81,23,2,85.0,20.0,28,8384,46,18
86,16,2,85.0,20.0,40,5862,89,49
89,15,2,85.0,20.0,44,5504,78,34
81,19,2,85.0,20.0,32,6940,56,24
88,23,2,85.0,20.0,35,8391,85,50
89,23,2,85.0,20.0,36,8392,51,15
89,21,2,85.0,20.0,38,7670,81,43
86,22,2,85.0,20.0,34,8028,59,25
86,24,2,85.0,20.0,32,8750,66,34
89,20,2,85.0,20.0,39,7309,79,40
90,17,3,95.0,20.0,43,6227,67,24
92,15,3,95.0,20.0,47,5507,131,84
95,24,3,95.0,20.0,41,8759,63,22
91,24,3,95.0,20.0,37,8755,52,15
93,17,3,95.0,20.0,46,6230,83,37
96,18,3,95.0,20.0,48,6594,69,21
93,22,3,95.0,20.0,41,8035,65,24
95,17,3,95.0,20.0,48,6232,103,55
90,23,3,95.0,20.0,37,8393,56,19
91,21,3,95.0,20.0,40,7672,70,30
105,15,4,105.0,20.0,60,5520,92,32
104,17,4,105.0,20.0,57,6241,133,76
108,24,4,105.0,20.0,54,8772,117,63
100,23,4,105.0,20.0,47,8403,71,24
106,22,4,105.0,20.0,54,8048,82,28
104,22,4,105.0,20.0,52,8046,417,365
104,22,4,105.0,20.0,52,8046,74,22
106,22,4,105.0,20.0,54,8048,95,41
102,22,4,105.0,20.0,50,8044,74,24
104,23,4,105.0,20.0,51,8407,89,38
117,19,5,115.0,20.0,68,6976,91,23
110,24,5,115.0,20.0,56,8774,110,54
114,17,5,115.0,20.0,67,6251,1001,934
112,24,5,115.0,20.0,58,8776,131,73
116,18,5,115.0,20.0,68,6614,107,39
111,23,5,115.0,20.0,58,8414,78,20
116,22,5,115.0,20.0,64,8058,102,38
114,15,5,115.0,20.0,69,5529,133,64
116,20,5,115.0,20.0,66,7336,112,46
110,20,5,115.0,20.0,60,7330,1001,941
124,22,6,125.0,20.0,72,8066,129,57
124,17,6,125.0,20.0,77,6261,107,30
127,23,6,125.0,20.0,74,8430,96,22
129,21,6,125.0,20.0,78,7710,167,89
128,17,6,125.0,20.0,81,6265,1001,920
129,20,6,125.0,20.0,79,7349,147,68
127,23,6,125.0,20.0,74,8430,124,50
126,23,6,125.0,20.0,73,8429,334,261
126,20,6,125.0,20.0,76,7346,131,55
123,21,6,125.0,20.0,72,7704,106,34
138,19,7,135.0,20.0,89,6997,124,35
132,20,7,135.0,20.0,82,7352,103,21
139,15,7,135.0,20.0,94,5554,1001,907
132,16,7,135.0,20.0,86,5908,155,69
131,16,7,135.0,20.0,85,5907,116,31
135,18,7,135.0,20.0,87,6633,119,32
137,15,7,135.0,20.0,92,5552,119,27
139,15,7,135.0,20.0,94,5554,170,76
133,18,7,135.0,20.0,85,6631,112,27
138,22,7,135.0,20.0,86,8080,1001,915
140,20,8,145.0,20.0,90,7360,118,28
149,22,8,145.0,20.0,97,8091,142,45
149,21,8,145.0,20.0,98,7730,118,20
149,22,8,145.0,20.0,97,8091,164,67
140,20,8,145.0,20.0,90,7360,120,30
148,18,8,145.0,20.0,100,6646,125,25
149,17,8,145.0,20.0,102,6286,133,31
144,22,8,145.0,20.0,92,8086,148,56
147,20,8,145.0,20.0,97,7367,147,50
148,24,8,145.0,20.0,94,8812,321,227
159,18,9,155.0,20.0,111,6657,157,46
155,16,9,155.0,20.0,109,5931,141,32
157,22,9,155.0,20.0,105,8099,134,29
155,20,9,155.0,20.0,105,7375,131,26
154,22,9,155.0,20.0,102,8096,152,50
154,16,9,155.0,20.0,108,5930,139,31
158,17,9,155.0,20.0,111,6295,149,38
151,17,9,155.0,20.0,104,6288,146,42
156,22,9,155.0,20.0,104,8098,289,185
154,17,9,155.0,20.0,107,6291,141,34
167,22,10,165.0,20.0,115,8109,251,136
165,18,10,165.0,20.0,117,6663,1001,884
161,21,10,165.0,20.0,110,7742,164,54
165,15,10,165.0,20.0,120,5580,170,50
166,23,10,165.0,20.0,113,8469,151,38
165,23,10,165.0,20.0,112,8468,218,106
167,16,10,165.0,20.0,121,5943,208,87
162,16,10,165.0,20.0,116,5938,146,30
167,15,10,165.0,20.0,122,5582,148,26
169,24,10,165.0,20.0,115,8833,1001,886
170,20,11,175.0,20.0,120,7390,153,33
171,22,11,175.0,20.0,119,8113,154,35
170,24,11,175.0,20.0,116,8834,1001,885
172,17,11,175.0,20.0,125,6309,158,33
176,19,11,175.0,20.0,127,7035,165,38
173,23,11,175.0,20.0,120,8476,141,21
179,24,11,175.0,20.0,125,8843,183,58
172,22,11,175.0,20.0,120,8114,156,36
173,17,11,175.0,20.0,126,6310,235,109
175,18,11,175.0,20.0,127,6673,160,33
182,21,12,185.0,20.0,131,7763,1001,870
185,15,12,185.0,20.0,140,5600,1001,861
181,16,12,185.0,20.0,135,5957,1001,866
182,17,12,185.0,20.0,135,6319,251,116
188,20,12,185.0,20.0,138,7408,1001,863
187,23,12,185.0,20.0,134,8490,1001,867
181,16,12,185.0,20.0,135,5957,1001,866
188,23,12,185.0,20.0,135,8491,1001,866
180,15,12,185.0,20.0,135,5595,198,63
181,24,12,185.0,20.0,127,8845,1001,874
193,20,13,195.0,20.0,143,7413,1001,858
196,24,13,195.0,20.0,142,8860,1001,859
192,21,13,195.0,20.0,141,7773,1001,860
191,15,13,195.0,20.0,146,5606,1001,855
190,23,13,195.0,20.0,137,8493,1001,864
197,15,13,195.0,20.0,152,5612,240,88
195,23,13,195.0,20.0,142,8498,1001,859
199,18,13,195.0,20.0,151,6697,1001,850
190,22,13,195.0,20.0,138,8132,1001,863
192,15,13,195.0,20.0,147,5607,1001,854
204,20,14,205.0,20.0,154,7424,1001,847
209,17,14,205.0,20.0,162,6346,1001,839
206,23,14,205.0,20.0,153,8509,1001,848
202,17,14,205.0,20.0,155,6339,255,100
207,17,14,205.0,20.0,160,6344,1001,841
202,15,14,205.0,20.0,157,5617,259,102
202,22,14,205.0,20.0,150,8144,1001,851
207,24,14,205.0,20.0,153,8871,1001,848
209,24,14,205.0,20.0,155,8873,1001,846
200,20,14,205.0,20.0,150,7420,256,106
215,15,15,215.0,20.0,170,5630,265,95
212,18,15,215.0,20.0,164,6710,1001,837
216,15,15,215.0,20.0,171,5631,266,95
214,24,15,215.0,20.0,160,8878,287,127
212,19,15,215.0,20.0,163,7071,1001,838
219,18,15,215.0,20.0,171,6717,277,106
216,21,15,215.0,20.0,165,7797,1001,836
218,17,15,215.0,20.0,171,6355,274,103
216,21,15,215.0,20.0,165,7797,1001,836
215,22,15,215.0,20.0,163,8157,1001,838
226,20,16,225.0,20.0,176,7446,283,107
220,24,16,225.0,20.0,166,8884,298,132
224,18,16,225.0,20.0,176,6722,331,155
225,19,16,225.0,20.0,176,7084,277,101
227,18,16,225.0,20.0,179,6725,1001,822
228,15,16,225.0,20.0,183,5643,1001,818
227,17,16,225.0,20.0,180,6364,1001,821
225,20,16,225.0,20.0,175,7445,299,124
225,19,16,225.0,20.0,176,7084,284,108
224,23,16,225.0,20.0,171,8527,301,130
235,16,17,235.0,20.0,189,6011,1001,812
232,16,17,235.0,20.0,186,6008,1001,815
237,22,17,235.0,20.0,185,8179,1001,816
231,18,17,235.0,20.0,183,6729,1001,818
230,23,17,235.0,20.0,177,8533,300,123
233,18,17,235.0,20.0,185,6731,1001,816
230,19,17,235.0,20.0,181,7089,1001,820
230,21,17,235.0,20.0,179,7811,308,129
232,19,17,235.0,20.0,183,7091,1001,818
238,23,17,235.0,20.0,185,8541,1001,816
240,16,18,245.0,20.0,194,6016,1001,807
246,17,18,245.0,20.0,199,6383,402,203
241,18,18,245.0,20.0,193,6739,1001,808
241,23,18,245.0,20.0,188,8544,1001,813
245,16,18,245.0,20.0,199,6021,1001,802
247,24,18,245.0,20.0,193,8911,320,127
246,16,18,245.0,20.0,200,6022,357,157
245,15,18,245.0,20.0,200,5660,342,142
249,15,18,245.0,20.0,204,5664,1001,797
241,18,18,245.0,20.0,193,6739,1001,808
255,24,19,255.0,20.0,201,8919,1001,800
251,21,19,255.0,20.0,200,7832,1001,801
254,17,19,255.0,20.0,207,6391,339,132
254,24,19,255.0,20.0,200,8918,344,144
252,17,19,255.0,20.0,205,6389,1001,796
259,19,19,255.0,20.0,210,7118,331,121
253,22,19,255.0,20.0,201,8195,1001,800
250,17,19,255.0,20.0,203,6387,1001,798
258,20,19,255.0,20.0,208,7478,356,148
254,19,19,255.0,20.0,205,7113,1001,796
261,21,20,265.0,20.0,210,7842,1001,791
267,22,20,265.0,20.0,215,8209,340,125
260,20,20,265.0,20.0,210,7480,1001,791
260,22,20,265.0,20.0,208,8202,363,155
267,20,20,265.0,20.0,217,7487,1001,784
267,19,20,265.0,20.0,218,7126,374,156
265,15,20,265.0,20.0,220,5680,387,167
262,18,20,265.0,20.0,214,6760,1001,787
261,20,20,265.0,20.0,211,7481,1001,790
260,19,20,265.0,20.0,211,7119,1001,790
276,21,21,275.0,20.0,225,7857,1001,776
272,22,21,275.0,20.0,220,8214,1001,781
277,22,21,275.0,20.0,225,8219,1001,776
271,21,21,275.0,20.0,220,7852,353,133
271,18,21,275.0,20.0,223,6769,398,175
270,15,21,275.0,20.0,225,5685,1001,776
277,17,21,275.0,20.0,230,6414,395,165
278,15,21,275.0,20.0,233,5693,405,172
279,24,21,275.0,20.0,225,8943,349,124
279,20,21,275.0,20.0,229,7499,1001,772
280,18,22,285.0,20.0,232,6778,369,137
289,16,22,285.0,20.0,243,6065,515,272
282,20,22,285.0,20.0,232,7502,374,142
286,24,22,285.0,20.0,232,8950,384,152
289,16,22,285.0,20.0,243,6065,383,140
280,18,22,285.0,20.0,232,6778,376,144
289,22,22,285.0,20.0,237,8231,387,150
288,22,22,285.0,20.0,236,8230,366,130
280,20,22,285.0,20.0,230,7500,385,155
284,18,22,285.0,20.0,236,6782,1001,765
291,19,23,295.0,20.0,242,7150,1001,759
290,19,23,295.0,20.0,241,7149,371,130
299,19,23,295.0,20.0,250,7158,1001,751
299,22,23,295.0,20.0,247,8241,1001,754
294,21,23,295.0,20.0,243,7875,374,131
296,24,23,295.0,20.0,242,8960,378,136
293,24,23,295.0,20.0,239,8957,438,199
293,17,23,295.0,20.0,246,6430,421,175
298,15,23,295.0,20.0,253,5713,479,226
298,20,23,295.0,20.0,248,7518,384,136
304,23,24,305.0,20.0,251,8607,1001,750
307,21,24,305.0,20.0,256,7888,1001,745
306,23,24,305.0,20.0,253,8609,1001,748
308,19,24,305.0,20.0,259,7167,1001,742
306,22,24,305.0,20.0,254,8248,1001,747
307,18,24,305.0,20.0,259,6805,1001,742
302,24,24,305.0,20.0,248,8966,1001,753
305,24,24,305.0,20.0,251,8969,1001,750
306,21,24,305.0,20.0,255,7887,1001,746
301,17,24,305.0,20.0,254,6438,1001,747
314,24,25,312.5,20.0,260,8978,1001,741
310,18,25,312.5,20.0,262,6808,1001,739
313,20,25,312.5,20.0,263,7533,1001,738
314,24,25,312.5,20.0,260,8978,1001,741
310,16,25,312.5,20.0,264,6086,1001,737
311,18,25,312.5,20.0,263,6809,448,185
310,23,25,312.5,20.0,257,8613,437,180
312,20,25,312.5,20.0,262,7532,1001,739
310,22,25,312.5,20.0,258,8252,1001,743
314,18,25,312.5,20.0,266,6812,1001,735
66,29,26,65.0,30.0,7,10535,25,18
65,34,26,65.0,30.0,9,12339,18,9
60,28,26,65.0,30.0,2,10168,16,14
67,29,26,65.0,30.0,8,10536,62,54
62,28,26,65.0,30.0,4,10170,60,56
60,26,26,65.0,30.0,4,9446,18,14
67,28,26,65.0,30.0,9,10175,46,37
64,32,26,65.0,30.0,6,11616,37,31
62,25,26,65.0,30.0,7,9087,22,15
61,26,26,65.0,30.0,5,9447,31,26
79,32,27,75.0,30.0,21,11631,39,18
72,31,27,75.0,30.0,13,11263,62,49
74,32,27,75.0,30.0,16,11626,39,23
77,27,27,75.0,30.0,20,9824,40,20
78,28,27,75.0,30.0,20,10186,53,33
74,30,27,75.0,30.0,14,10904,42,28
74,33,27,75.0,30.0,17,11987,47,30
70,33,27,75.0,30.0,13,11983,64,51
70,34,27,75.0,30.0,14,12344,26,12
70,31,27,75.0,30.0,11,11261,51,40
81,30,28,85.0,30.0,21,10911,33,12
88,25,28,85.0,30.0,33,9113,48,15
89,33,28,85.0,30.0,32,12002,42,10
82,34,28,85.0,30.0,26,12356,51,25
87,25,28,85.0,30.0,32,9112,47,15
84,29,28,85.0,30.0,25,10553,34,9
88,29,28,85.0,30.0,29,10557,48,19
82,25,28,85.0,30.0,27,9107,61,34
89,30,28,85.0,30.0,29,10919,59,30
86,31,28,85.0,30.0,27,11277,50,23
91,25,29,95.0,30.0,36,9116,58,22
91,27,29,95.0,30.0,34,9838,96,62
91,28,29,95.0,30.0,33,10199,69,36
96,30,29,95.0,30.0,36,10926,54,18
97,32,29,95.0,30.0,39,11649,58,19
92,31,29,95.0,30.0,33,11283,86,53
92,29,29,95.0,30.0,33,10561,53,20
94,28,29,95.0,30.0,36,10202,84,48
96,31,29,95.0,30.0,37,11287,44,7
91,27,29,95.0,30.0,34,9838,119,85
106,30,30,105.0,30.0,46,10936,75,29
109,32,30,105.0,30.0,51,11661,77,26
103,26,30,105.0,30.0,47,9489,90,43
108,34,30,105.0,30.0,52,12382,84,32
108,28,30,105.0,30.0,50,10216,91,41
104,30,30,105.0,30.0,44,10934,130,86
106,34,30,105.0,30.0,50,12380,52,2
102,30,30,105.0,30.0,42,10932,86,44
100,32,30,105.0,30.0,42,11652,61,19
105,31,30,105.0,30.0,46,11296,83,37
111,26,31,115.0,30.0,55,9497,80,25
117,34,31,115.0,30.0,61,12391,91,30
112,34,31,115.0,30.0,56,12386,75,19
116,28,31,115.0,30.0,58,10224,165,107
112,26,31,115.0,30.0,56,9498,104,48
114,33,31,115.0,30.0,57,12027,131,74
117,28,31,115.0,30.0,59,10225,132,73
111,29,31,115.0,30.0,52,10580,89,37
117,30,31,115.0,30.0,57,10947,100,43
117,32,31,115.0,30.0,59,11669,91,32
120,27,32,125.0,30.0,63,9867,108,45
122,31,32,125.0,30.0,63,11313,148,85
129,28,32,125.0,30.0,71,10237,107,36
123,32,32,125.0,30.0,65,11675,96,31
120,33,32,125.0,30.0,63,12033,76,13
124,34,32,125.0,30.0,68,12398,118,50
126,31,32,125.0,30.0,67,11317,148,81
122,32,32,125.0,30.0,64,11674,92,28
126,31,32,125.0,30.0,67,11317,134,67
121,31,32,125.0,30.0,62,11312,96,34
132,26,33,135.0,30.0,76,9518,108,32
133,31,33,135.0,30.0,74,11324,134,60
136,29,33,135.0,30.0,77,10605,134,57
135,32,33,135.0,30.0,77,11687,95,18
134,31,33,135.0,30.0,75,11325,115,40
136,32,33,135.0,30.0,78,11688,142,64
135,26,33,135.0,30.0,79,9521,128,49
133,30,33,135.0,30.0,73,10963,121,48
136,26,33,135.0,30.0,80,9522,168,88
139,33,33,135.0,30.0,82,12052,113,31
141,28,34,145.0,30.0,83,10249,113,30
147,26,34,145.0,30.0,91,9533,159,68
148,33,34,145.0,30.0,91,12061,130,39
142,28,34,145.0,30.0,84,10250,124,40
148,31,34,145.0,30.0,89,11339,119,30
149,33,34,145.0,30.0,92,12062,161,69
148,33,34,145.0,30.0,91,12061,119,28
146,27,34,145.0,30.0,89,9893,134,45
144,26,34,145.0,30.0,88,9530,119,31
144,32,34,145.0,30.0,86,11696,114,28
150,25,35,155.0,30.0,95,9175,118,23
155,32,35,155.0,30.0,97,11707,145,48
154,25,35,155.0,30.0,99,9179,115,16
159,34,35,155.0,30.0,103,12433,167,64
154,27,35,155.0,30.0,97,9901,147,50
158,27,35,155.0,30.0,101,9905,244,143
156,29,35,155.0,30.0,97,10625,142,45
154,29,35,155.0,30.0,95,10623,121,26
154,30,35,155.0,30.0,94,10984,173,79
154,30,35,155.0,30.0,94,10984,158,64
160,30,36,165.0,30.0,100,10990,175,75
160,29,36,165.0,30.0,101,10629,205,104
160,32,36,165.0,30.0,102,11712,122,20
163,27,36,165.0,30.0,106,9910,200,94
166,33,36,165.0,30.0,109,12079,146,37
162,32,36,165.0,30.0,104,11714,146,42
160,33,36,165.0,30.0,103,12073,142,39
163,27,36,165.0,30.0,106,9910,158,52
164,28,36,165.0,30.0,106,10272,160,54
169,26,36,165.0,30.0,113,9555,140,27
170,30,37,175.0,30.0,110,11000,148,38
170,33,37,175.0,30.0,113,12083,153,40
171,29,37,175.0,30.0,112,10640,198,86
174,32,37,175.0,30.0,116,11726,188,72
171,29,37,175.0,30.0,112,10640,1001,889
179,26,37,175.0,30.0,123,9565,176,53
172,26,37,175.0,30.0,116,9558,185,69
177,26,37,175.0,30.0,121,9563,168,47
174,31,37,175.0,30.0,115,11365,176,61
175,27,37,175.0,30.0,118,9922,145,27
180,29,38,185.0,30.0,121,10649,174,53
189,27,38,185.0,30.0,132,9936,1001,869
186,34,38,185.0,30.0,130,12460,1001,871
185,27,38,185.0,30.0,128,9932,1001,873
186,32,38,185.0,30.0,128,11738,1001,873
182,27,38,185.0,30.0,125,9929,1001,876
183,34,38,185.0,30.0,127,12457,1001,874
186,29,38,185.0,30.0,127,10655,1001,874
183,30,38,185.0,30.0,123,11013,1001,878
185,31,38,185.0,30.0,126,11376,1001,875
192,27,39,195.0,30.0,135,9939,1001,866
195,25,39,195.0,30.0,140,9220,1001,861
199,29,39,195.0,30.0,140,10668,1001,861
192,27,39,195.0,30.0,135,9939,1001,866
194,27,39,195.0,30.0,137,9941,1001,864
190,29,39,195.0,30.0,131,10659,1001,870
190,29,39,195.0,30.0,131,10659,1001,870
196,26,39,195.0,30.0,140,9582,1001,861
196,32,39,195.0,30.0,138,11748,1001,863
192,28,39,195.0,30.0,134,10300,1001,867
208,34,40,205.0,30.0,152,12482,1001,849
208,26,40,205.0,30.0,152,9594,1001,849
202,29,40,205.0,30.0,143,10671,1001,858
208,34,40,205.0,30.0,152,12482,1001,849
201,28,40,205.0,30.0,143,10309,1001,858
207,29,40,205.0,30.0,148,10676,275,127
205,28,40,205.0,30.0,147,10313,1001,854
208,31,40,205.0,30.0,149,11399,288,139
208,29,40,205.0,30.0,149,10677,326,177
209,26,40,205.0,30.0,153,9595,1001,848
215,26,41,215.0,30.0,159,9601,1001,842
218,30,41,215.0,30.0,158,11048,1001,843
219,33,41,215.0,30.0,162,12132,369,207
213,32,41,215.0,30.0,155,11765,1001,846
213,30,41,215.0,30.0,153,11043,341,188
218,28,41,215.0,30.0,160,10326,303,143
213,27,41,215.0,30.0,156,9960,352,196
218,25,41,215.0,30.0,163,9243,281,118
216,28,41,215.0,30.0,158,10324,303,145
213,31,41,215.0,30.0,154,11404,291,137
221,26,42,225.0,30.0,165,9607,296,131
227,25,42,225.0,30.0,172,9252,1001,829
220,29,42,225.0,30.0,161,10689,327,166
228,29,42,225.0,30.0,169,10697,1001,832
226,34,42,225.0,30.0,170,12500,349,179
222,25,42,225.0,30.0,167,9247,1001,834
229,27,42,225.0,30.0,172,9976,317,145
221,31,42,225.0,30.0,162,11412,310,148
221,25,42,225.0,30.0,166,9246,281,115
224,31,42,225.0,30.0,165,11415,305,140
232,27,43,235.0,30.0,175,9979,295,120
230,27,43,235.0,30.0,173,9977,1001,828
237,26,43,235.0,30.0,181,9623,330,149
231,30,43,235.0,30.0,171,11061,336,165
235,28,43,235.0,30.0,177,10343,1001,824
231,28,43,235.0,30.0,173,10339,336,163
232,32,43,235.0,30.0,174,11784,332,158
235,34,43,235.0,30.0,179,12509,355,176
230,26,43,235.0,30.0,174,9616,297,123
234,25,43,235.0,30.0,179,9259,1001,822
245,26,44,245.0,30.0,189,9631,1001,812
244,26,44,245.0,30.0,188,9630,329,141
245,34,44,245.0,30.0,189,12519,371,182
248,33,44,245.0,30.0,191,12161,1001,810
241,28,44,245.0,30.0,183,10349,315,132
248,26,44,245.0,30.0,192,9634,1001,809
247,25,44,245.0,30.0,192,9272,341,149
244,26,44,245.0,30.0,188,9630,337,149
248,29,44,245.0,30.0,189,10717,424,235
242,32,44,245.0,30.0,184,11794,322,138
250,33,45,255.0,30.0,193,12163,360,167
257,26,45,255.0,30.0,201,9643,1001,800
258,34,45,255.0,30.0,202,12532,348,146
258,30,45,255.0,30.0,198,11088,356,158
258,28,45,255.0,30.0,200,10366,357,157
252,32,45,255.0,30.0,194,11804,367,173
250,26,45,255.0,30.0,194,9636,1001,807
259,34,45,255.0,30.0,203,12533,367,164
251,33,45,255.0,30.0,194,12164,361,167
253,29,45,255.0,30.0,194,10722,383,189
262,30,46,265.0,30.0,202,11092,375,173
261,30,46,265.0,30.0,201,11091,1001,800
269,25,46,265.0,30.0,214,9294,1001,787
264,28,46,265.0,30.0,206,10372,335,129
267,29,46,265.0,30.0,208,10736,388,180
260,33,46,265.0,30.0,203,12173,345,142
268,25,46,265.0,30.0,213,9293,340,127
261,30,46,265.0,30.0,201,11091,1001,800
267,27,46,265.0,30.0,210,10014,1001,791
260,34,46,265.0,30.0,204,12534,360,156
271,34,47,275.0,30.0,215,12545,408,193
272,27,47,275.0,30.0,215,10019,362,147
279,27,47,275.0,30.0,222,10026,1001,779
274,26,47,275.0,30.0,218,9660,1001,783
273,31,47,275.0,30.0,214,11464,1001,787
272,25,47,275.0,30.0,217,9297,403,186
278,27,47,275.0,30.0,221,10025,346,125
279,28,47,275.0,30.0,221,10387,395,174
279,29,47,275.0,30.0,220,10748,398,178
275,34,47,275.0,30.0,219,12549,426,207
289,26,48,285.0,30.0,233,9675,1001,768
287,29,48,285.0,30.0,228,10756,391,163
284,29,48,285.0,30.0,225,10753,1001,776
285,25,48,285.0,30.0,230,9310,1001,771
284,28,48,285.0,30.0,226,10392,367,141
288,33,48,285.0,30.0,231,12201,377,146
288,31,48,285.0,30.0,229,11479,431,202
281,29,48,285.0,30.0,222,10750,370,148
280,34,48,285.0,30.0,224,12554,442,218
282,30,48,285.0,30.0,222,11112,373,151
299,30,49,295.0,30.0,239,11129,1001,762
295,27,49,295.0,30.0,238,10042,1001,763
294,25,49,295.0,30.0,239,9319,380,141
293,26,49,295.0,30.0,237,9679,1001,764
290,30,49,295.0,30.0,230,11120,370,140
299,27,49,295.0,30.0,242,10046,1001,759
291,34,49,295.0,30.0,235,12565,415,180
291,25,49,295.0,30.0,236,9316,356,120
293,34,49,295.0,30.0,237,12567,398,161
290,27,49,295.0,30.0,233,10037,384,151
304,26,50,305.0,30.0,248,9690,1001,753
304,26,50,305.0,30.0,248,9690,1001,753
304,34,50,305.0,30.0,248,12578,1001,753
302,33,50,305.0,30.0,245,12215,390,145
301,30,50,305.0,30.0,241,11131,1001,760
305,27,50,305.0,30.0,248,10052,1001,753
301,31,50,305.0,30.0,242,11492,411,169
305,34,50,305.0,30.0,249,12579,587,338
305,27,50,305.0,30.0,248,10052,1001,753
305,31,50,305.0,30.0,246,11496,1001,755
310,25,51,312.5,30.0,255,9335,1001,746
312,31,51,312.5,30.0,253,11503,1001,748
312,30,51,312.5,30.0,252,11142,1001,749
310,29,51,312.5,30.0,251,10779,1001,750
310,31,51,312.5,30.0,251,11501,1001,750
313,33,51,312.5,30.0,256,12226,423,167
312,26,51,312.5,30.0,256,9698,1001,745
310,25,51,312.5,30.0,255,9335,1001,746
312,26,51,312.5,30.0,256,9698,1001,745
310,27,51,312.5,30.0,253,10057,446,193
69,36,52,65.0,40.0,15,13065,28,13
67,37,52,65.0,40.0,14,13424,34,20
67,42,52,65.0,40.0,19,15229,70,51
60,41,52,65.0,40.0,11,14861,59,48
66,44,52,65.0,40.0,20,15950,61,41
67,40,52,65.0,40.0,17,14507,186,169
69,39,52,65.0,40.0,18,14148,178,160
63,38,52,65.0,40.0,11,13781,17,6
67,44,52,65.0,40.0,21,15951,81,60
69,39,52,65.0,40.0,18,14148,35,17
74,42,53,75.0,40.0,26,15236,68,42
77,43,53,75.0,40.0,30,15600,90,60
76,42,53,75.0,40.0,28,15238,70,42
77,42,53,75.0,40.0,29,15239,62,33
72,40,53,75.0,40.0,22,14512,46,24
79,43,53,75.0,40.0,32,15602,91,59
76,38,53,75.0,40.0,24,13794,38,14
74,42,53,75.0,40.0,26,15236,65,39
71,42,53,75.0,40.0,23,15233,64,41
71,41,53,75.0,40.0,22,14872,69,47
80,40,54,85.0,40.0,30,14520,92,62
88,36,54,85.0,40.0,34,13084,37,3
84,35,54,85.0,40.0,29,12719,42,13
84,41,54,85.0,40.0,35,14885,82,47
89,36,54,85.0,40.0,35,13085,45,10
81,39,54,85.0,40.0,30,14160,65,35
84,41,54,85.0,40.0,35,14885,62,27
88,43,54,85.0,40.0,41,15611,109,68
88,35,54,85.0,40.0,33,12723,70,37
89,35,54,85.0,40.0,34,12724,69,35
98,42,55,95.0,40.0,50,15260,90,40
92,37,55,95.0,40.0,39,13449,53,14
97,43,55,95.0,40.0,50,15620,96,46
91,43,55,95.0,40.0,44,15614,107,63
90,41,55,95.0,40.0,41,14891,65,24
93,42,55,95.0,40.0,45,15255,82,37
90,36,55,95.0,40.0,36,13086,49,13
92,38,55,95.0,40.0,40,13810,104,64
94,40,55,95.0,40.0,44,14534,78,34
94,41,55,95.0,40.0,45,14895,63,18
109,38,56,105.0,40.0,57,13827,62,5
109,37,56,105.0,40.0,56,13466,150,94
104,37,56,105.0,40.0,51,13461,77,26
107,44,56,105.0,40.0,61,15991,116,55
106,38,56,105.0,40.0,54,13824,78,24
101,40,56,105.0,40.0,51,14541,68,17
100,36,56,105.0,40.0,46,13096,51,5
109,38,56,105.0,40.0,57,13827,78,21
109,42,56,105.0,40.0,61,15271,101,40
108,43,56,105.0,40.0,61,15631,116,55
114,41,57,115.0,40.0,65,14915,85,20
113,38,57,115.0,40.0,61,13831,99,38
116,44,57,115.0,40.0,70,16000,136,66
114,43,57,115.0,40.0,67,15637,128,61
115,37,57,115.0,40.0,62,13472,84,22
115,44,57,115.0,40.0,69,15999,114,45
116,37,57,115.0,40.0,63,13473,75,12
112,41,57,115.0,40.0,63,14913,81,18
111,35,57,115.0,40.0,56,12746,71,15
114,41,57,115.0,40.0,65,14915,1001,936
123,36,58,125.0,40.0,69,13119,142,73
122,41,58,125.0,40.0,73,14923,95,22
128,44,58,125.0,40.0,82,16012,124,42
123,42,58,125.0,40.0,75,15285,95,20
121,42,58,125.0,40.0,73,15283,140,67
129,40,58,125.0,40.0,79,14569,134,55
127,35,58,125.0,40.0,72,12762,81,9
121,43,58,125.0,40.0,74,15644,131,57
123,39,58,125.0,40.0,72,14202,92,20
127,44,58,125.0,40.0,81,16011,130,49
137,37,59,135.0,40.0,84,13494,113,29
139,43,59,135.0,40.0,92,15662,165,73
139,40,59,135.0,40.0,89,14579,159,70
138,35,59,135.0,40.0,83,12773,139,56
131,40,59,135.0,40.0,81,14571,103,22
132,40,59,135.0,40.0,82,14572,84,2
134,41,59,135.0,40.0,85,14935,136,51
135,39,59,135.0,40.0,84,14214,163,79
136,38,59,135.0,40.0,84,13854,118,34
138,38,59,135.0,40.0,86,13856,1001,915
142,43,60,145.0,40.0,95,15665,149,54
148,44,60,145.0,40.0,102,16032,156,54
141,42,60,145.0,40.0,93,15303,146,53
140,42,60,145.0,40.0,92,15302,114,22
148,43,60,145.0,40.0,101,15671,168,67
144,40,60,145.0,40.0,94,14584,122,28
148,42,60,145.0,40.0,100,15310,163,63
140,43,60,145.0,40.0,93,15663,150,57
147,42,60,145.0,40.0,99,15309,157,58
145,44,60,145.0,40.0,99,16029,171,72
154,42,61,155.0,40.0,106,15316,135,29
153,41,61,155.0,40.0,104,14954,174,70
150,36,61,155.0,40.0,96,13146,119,23
154,35,61,155.0,40.0,99,12789,121,22
156,41,61,155.0,40.0,107,14957,180,73
155,42,61,155.0,40.0,107,15317,171,64
159,35,61,155.0,40.0,104,12794,138,34
154,44,61,155.0,40.0,108,16038,173,65
155,40,61,155.0,40.0,105,14595,186,81
159,42,61,155.0,40.0,111,15321,178,67
162,40,62,165.0,40.0,112,14602,175,63
163,35,62,165.0,40.0,108,12798,136,28
169,35,62,165.0,40.0,114,12804,1001,887
165,39,62,165.0,40.0,114,14244,133,19
163,35,62,165.0,40.0,108,12798,132,24
166,36,62,165.0,40.0,112,13162,131,19
168,38,62,165.0,40.0,116,13886,141,25
166,37,62,165.0,40.0,113,13523,156,43
169,40,62,165.0,40.0,119,14609,155,36
163,40,62,165.0,40.0,113,14603,192,79
174,41,63,175.0,40.0,125,14975,200,75
173,38,63,175.0,40.0,121,13891,144,23
170,41,63,175.0,40.0,121,14971,182,61
173,44,63,175.0,40.0,127,16057,193,66
174,44,63,175.0,40.0,128,16058,199,71
175,40,63,175.0,40.0,125,14615,153,28
175,38,63,175.0,40.0,123,13893,192,69
177,36,63,175.0,40.0,123,13173,170,47
177,42,63,175.0,40.0,129,15339,194,65
175,36,63,175.0,40.0,121,13171,149,28
187,36,64,185.0,40.0,133,13183,1001,868
180,39,64,185.0,40.0,129,14259,153,24
180,40,64,185.0,40.0,130,14620,167,37
180,40,64,185.0,40.0,130,14620,174,44
181,39,64,185.0,40.0,130,14260,1001,871
184,44,64,185.0,40.0,138,16068,1001,863
189,36,64,185.0,40.0,135,13185,1001,866
183,42,64,185.0,40.0,135,15345,1001,866
185,37,64,185.0,40.0,132,13542,1001,869
184,36,64,185.0,40.0,130,13180,1001,871
193,40,65,195.0,40.0,143,14633,1001,858
197,42,65,195.0,40.0,149,15359,1001,852
191,35,65,195.0,40.0,136,12826,1001,865
190,42,65,195.0,40.0,142,15352,1001,859
191,41,65,195.0,40.0,142,14992,1001,859
198,37,65,195.0,40.0,145,13555,1001,856
193,35,65,195.0,40.0,138,12828,1001,863
194,37,65,195.0,40.0,141,13551,1001,860
191,36,65,195.0,40.0,137,13187,1001,864
195,41,65,195.0,40.0,146,14996,1001,855
206,39,66,205.0,40.0,155,14285,1001,846
200,40,66,205.0,40.0,150,14640,1001,851
206,42,66,205.0,40.0,158,15368,321,163
205,35,66,205.0,40.0,150,12840,1001,851
200,36,66,205.0,40.0,146,13196,1001,855
203,38,66,205.0,40.0,151,13921,1001,850
201,37,66,205.0,40.0,148,13558,1001,853
202,39,66,205.0,40.0,151,14281,1001,850
204,36,66,205.0,40.0,150,13200,1001,851
201,43,66,205.0,40.0,154,15724,1001,847
210,42,67,215.0,40.0,162,15372,1001,839
217,43,67,215.0,40.0,170,15740,1001,831
214,38,67,215.0,40.0,162,13932,1001,839
215,35,67,215.0,40.0,160,12850,1001,841
213,43,67,215.0,40.0,166,15736,1001,835
218,44,67,215.0,40.0,172,16102,431,259
214,36,67,215.0,40.0,160,13210,1001,841
211,38,67,215.0,40.0,159,13929,1001,842
212,40,67,215.0,40.0,162,14652,1001,839
216,37,67,215.0,40.0,163,13573,330,167
221,37,68,225.0,40.0,168,13578,303,135
222,35,68,225.0,40.0,167,12857,324,157
222,43,68,225.0,40.0,175,15745,317,142
224,37,68,225.0,40.0,171,13581,356,185
222,37,68,225.0,40.0,169,13579,312,143
226,44,68,225.0,40.0,180,16110,317,137
220,41,68,225.0,40.0,171,15021,338,167
227,36,68,225.0,40.0,173,13223,326,153
227,37,68,225.0,40.0,174,13584,319,145
222,35,68,225.0,40.0,167,12857,308,141
233,38,69,235.0,40.0,181,13951,324,143
236,42,69,235.0,40.0,188,15398,356,168
232,38,69,235.0,40.0,180,13950,335,155
238,39,69,235.0,40.0,187,14317,344,157
230,39,69,235.0,40.0,179,14309,348,169
233,37,69,235.0,40.0,180,13590,333,153
231,38,69,235.0,40.0,179,13949,1001,822
234,39,69,235.0,40.0,183,14313,427,244
232,35,69,235.0,40.0,177,12867,376,199
238,38,69,235.0,40.0,186,13956,396,210
241,37,70,245.0,40.0,188,13598,397,209
245,36,70,245.0,40.0,191,13241,331,140
248,39,70,245.0,40.0,197,14327,1001,804
243,40,70,245.0,40.0,193,14683,333,140
242,40,70,245.0,40.0,192,14682,363,171
243,38,70,245.0,40.0,191,13961,357,166
240,35,70,245.0,40.0,185,12875,379,194
241,44,70,245.0,40.0,195,16125,329,134
248,35,70,245.0,40.0,193,12883,392,199
240,41,70,245.0,40.0,191,15041,373,182
251,42,71,255.0,40.0,203,15413,346,143
252,41,71,255.0,40.0,203,15053,343,140
258,44,71,255.0,40.0,212,16142,404,192
257,35,71,255.0,40.0,202,12892,345,143
257,36,71,255.0,40.0,203,13253,382,179
259,38,71,255.0,40.0,207,13977,415,208
251,44,71,255.0,40.0,205,16135,345,140
254,42,71,255.0,40.0,206,15416,345,139
257,41,71,255.0,40.0,208,15058,366,158
258,36,71,255.0,40.0,204,13254,348,144
263,41,72,265.0,40.0,214,15064,357,143
260,42,72,265.0,40.0,212,15422,404,192
261,40,72,265.0,40.0,211,14701,388,177
265,38,72,265.0,40.0,213,13983,365,152
262,38,72,265.0,40.0,210,13980,360,150
266,36,72,265.0,40.0,212,13262,385,173
265,39,72,265.0,40.0,214,14344,376,162
266,42,72,265.0,40.0,218,15428,362,144
267,41,72,265.0,40.0,218,15068,360,142
269,36,72,265.0,40.0,215,13265,396,181
274,44,73,275.0,40.0,228,16158,366,138
275,44,73,275.0,40.0,229,16159,358,129
277,42,73,275.0,40.0,229,15439,374,145
278,44,73,275.0,40.0,232,16162,372,140
272,42,73,275.0,40.0,224,15434,369,145
271,41,73,275.0,40.0,222,15072,393,171
276,44,73,275.0,40.0,230,16160,365,135
274,37,73,275.0,40.0,221,13631,397,176
272,41,73,275.0,40.0,223,15073,369,146
271,36,73,275.0,40.0,217,13267,397,180
287,39,74,285.0,40.0,236,14366,401,165
284,35,74,285.0,40.0,229,12919,383,154
281,43,74,285.0,40.0,234,15804,376,142
285,44,74,285.0,40.0,239,16169,382,143
285,36,74,285.0,40.0,231,13281,379,148
284,39,74,285.0,40.0,233,14363,378,145
288,44,74,285.0,40.0,242,16172,411,169
282,36,74,285.0,40.0,228,13278,370,142
281,43,74,285.0,40.0,234,15804,1001,767
285,37,74,285.0,40.0,232,13642,393,161
298,35,75,295.0,40.0,243,12933,429,186
299,41,75,295.0,40.0,250,15100,1001,751
298,35,75,295.0,40.0,243,12933,386,143
297,44,75,295.0,40.0,251,16181,405,154
299,43,75,295.0,40.0,252,15822,396,144
295,42,75,295.0,40.0,247,15457,389,142
298,43,75,295.0,40.0,251,15821,440,189
292,44,75,295.0,40.0,246,16176,398,152
292,37,75,295.0,40.0,239,13649,384,145
291,41,75,295.0,40.0,242,15092,381,139
300,40,76,305.0,40.0,250,14740,429,179
305,41,76,305.0,40.0,256,15106,406,150
302,40,76,305.0,40.0,252,14742,405,153
308,43,76,305.0,40.0,261,15831,533,272
300,38,76,305.0,40.0,248,14018,417,169
305,42,76,305.0,40.0,257,15467,406,149
302,41,76,305.0,40.0,253,15103,1001,748
304,35,76,305.0,40.0,249,12939,1001,752
309,44,76,305.0,40.0,263,16193,432,169
300,38,76,305.0,40.0,248,14018,402,154
311,35,77,312.5,40.0,256,12946,428,172
314,35,77,312.5,40.0,259,12949,1001,742
314,43,77,312.5,40.0,267,15837,1001,734
314,41,77,312.5,40.0,265,15115,415,150
314,39,77,312.5,40.0,263,14393,417,154
310,41,77,312.5,40.0,261,15111,1001,740
310,44,77,312.5,40.0,264,16194,414,150
313,36,77,312.5,40.0,259,13309,1001,742
313,42,77,312.5,40.0,265,15475,409,144
311,37,77,312.5,40.0,258,13668,1001,743
