x,y,cell,cell_x,cell_y,opt_traj,point_id,steps_taken,extra_steps
63,16,0,65.0,20.0,17,5839,98,81
69,24,0,65.0,20.0,15,8733,32,17
65,24,0,65.0,20.0,11,8729,213,202
66,18,0,65.0,20.0,18,6564,71,53
61,15,0,65.0,20.0,16,5476,97,81
65,22,0,65.0,20.0,13,8007,58,45
68,15,0,65.0,20.0,23,5483,144,121
68,20,0,65.0,20.0,18,7288,33,15
68,21,0,65.0,20.0,17,7649,79,62
60,18,0,65.0,20.0,12,6558,93,81
77,18,1,75.0,20.0,29,6575,86,57
72,15,1,75.0,20.0,27,5487,177,150
73,21,1,75.0,20.0,22,7654,73,51
70,24,1,75.0,20.0,16,8734,31,15
76,21,1,75.0,20.0,25,7657,128,103
71,22,1,75.0,20.0,19,8013,59,40
71,16,1,75.0,20.0,25,5847,155,130
72,23,1,75.0,20.0,19,8375,80,61
76,19,1,75.0,20.0,27,6935,76,49
76,18,1,75.0,20.0,28,6574,44,16
88,22,2,85.0,20.0,36,8030,1001,965
83,24,2,85.0,20.0,29,8747,1001,972
82,18,2,85.0,20.0,34,6580,291,257
84,20,2,85.0,20.0,34,7304,1001,967
89,19,2,85.0,20.0,40,6948,1001,961
88,17,2,85.0,20.0,41,6225,164,123
86,19,2,85.0,20.0,37,6945,1001,964
80,21,2,85.0,20.0,29,7661,1001,972
88,23,2,85.0,20.0,35,8391,1001,966
84,16,2,85.0,20.0,38,5860,195,157
90,21,3,95.0,20.0,39,7671,1001,962
97,22,3,95.0,20.0,45,8039,1001,956
92,18,3,95.0,20.0,44,6590,321,277
94,23,3,95.0,20.0,41,8397,1001,960
98,23,3,95.0,20.0,45,8401,1001,956
90,15,3,95.0,20.0,45,5505,127,82
99,23,3,95.0,20.0,46,8402,1001,955
99,20,3,95.0,20.0,49,7319,1001,952
92,15,3,95.0,20.0,47,5507,129,82
93,19,3,95.0,20.0,44,6952,1001,957
103,19,4,105.0,20.0,54,6962,202,148
104,19,4,105.0,20.0,55,6963,259,204
101,17,4,105.0,20.0,54,6238,265,211
103,24,4,105.0,20.0,49,8767,1001,952
106,21,4,105.0,20.0,55,7687,929,874
106,21,4,105.0,20.0,55,7687,929,874
106,16,4,105.0,20.0,60,5882,453,393
104,23,4,105.0,20.0,51,8407,1001,950
103,23,4,105.0,20.0,50,8406,1001,951
108,15,4,105.0,20.0,63,5523,145,82
115,22,5,115.0,20.0,63,8057,162,99
115,20,5,115.0,20.0,65,7335,625,560
112,19,5,115.0,20.0,63,6971,216,153
115,19,5,115.0,20.0,66,6974,252,186
117,24,5,115.0,20.0,63,8781,678,615
112,20,5,115.0,20.0,62,7332,194,132
118,21,5,115.0,20.0,67,7699,275,208
115,18,5,115.0,20.0,67,6613,686,619
116,24,5,115.0,20.0,62,8780,181,119
117,19,5,115.0,20.0,68,6976,226,158
125,23,6,125.0,20.0,72,8428,351,279
128,18,6,125.0,20.0,80,6626,172,92
124,19,6,125.0,20.0,75,6983,197,122
123,24,6,125.0,20.0,69,8787,176,107
128,20,6,125.0,20.0,78,7348,251,173
124,22,6,125.0,20.0,72,8066,448,376
120,17,6,125.0,20.0,73,6257,232,159
125,15,6,125.0,20.0,80,5540,164,84
125,18,6,125.0,20.0,77,6623,270,193
128,15,6,125.0,20.0,83,5543,166,83
138,19,7,135.0,20.0,89,6997,1001,912
134,24,7,135.0,20.0,80,8798,281,201
138,20,7,135.0,20.0,88,7358,697,609
137,22,7,135.0,20.0,85,8079,258,173
139,22,7,135.0,20.0,87,8081,387,300
135,22,7,135.0,20.0,83,8077,346,263
132,18,7,135.0,20.0,84,6630,311,227
137,23,7,135.0,20.0,84,8440,318,234
132,17,7,135.0,20.0,85,6269,296,211
138,23,7,135.0,20.0,85,8441,310,225
148,17,8,145.0,20.0,101,6285,1001,900
148,16,8,145.0,20.0,102,5924,1001,899
143,18,8,145.0,20.0,95,6641,1001,906
145,17,8,145.0,20.0,98,6282,1001,903
143,22,8,145.0,20.0,91,8085,309,218
146,23,8,145.0,20.0,93,8449,199,106
149,15,8,145.0,20.0,104,5564,1001,897
144,24,8,145.0,20.0,90,8808,358,268
144,24,8,145.0,20.0,90,8808,343,253
147,21,8,145.0,20.0,96,7728,316,220
158,21,9,155.0,20.0,107,7739,680,573
158,15,9,155.0,20.0,113,5573,1001,888
157,23,9,155.0,20.0,104,8460,366,262
156,21,9,155.0,20.0,105,7737,502,397
150,21,9,155.0,20.0,99,7731,315,216
153,18,9,155.0,20.0,105,6651,1001,896
152,24,9,155.0,20.0,98,8816,302,204
154,18,9,155.0,20.0,106,6652,1001,895
156,19,9,155.0,20.0,107,7015,1001,894
152,19,9,155.0,20.0,103,7011,1001,898
166,18,10,165.0,20.0,118,6664,1001,883
164,20,10,165.0,20.0,114,7384,1001,887
162,19,10,165.0,20.0,113,7021,1001,888
168,20,10,165.0,20.0,118,7388,521,403
166,22,10,165.0,20.0,114,8108,478,364
166,20,10,165.0,20.0,116,7386,389,273
165,20,10,165.0,20.0,115,7385,658,543
160,17,10,165.0,20.0,113,6297,1001,888
164,23,10,165.0,20.0,111,8467,375,264
163,18,10,165.0,20.0,115,6661,1001,886
174,20,11,175.0,20.0,124,7394,380,256
179,20,11,175.0,20.0,129,7399,334,205
171,23,11,175.0,20.0,118,8474,431,313
176,21,11,175.0,20.0,125,7757,386,261
179,24,11,175.0,20.0,125,8843,460,335
178,19,11,175.0,20.0,129,7037,1001,872
173,19,11,175.0,20.0,124,7032,1001,877
170,17,11,175.0,20.0,123,6307,1001,878
175,22,11,175.0,20.0,123,8117,426,303
176,15,11,175.0,20.0,131,5591,1001,870
188,16,12,185.0,20.0,142,5964,720,578
189,18,12,185.0,20.0,141,6687,441,300
185,23,12,185.0,20.0,132,8488,239,107
188,18,12,185.0,20.0,140,6686,741,601
184,19,12,185.0,20.0,135,7043,363,228
186,24,12,185.0,20.0,132,8850,241,109
183,18,12,185.0,20.0,135,6681,748,613
189,16,12,185.0,20.0,143,5965,719,576
186,16,12,185.0,20.0,140,5962,722,582
188,18,12,185.0,20.0,140,6686,367,227
190,22,13,195.0,20.0,138,8132,393,255
197,23,13,195.0,20.0,144,8500,477,333
193,23,13,195.0,20.0,140,8496,369,229
190,17,13,195.0,20.0,143,6327,741,598
190,24,13,195.0,20.0,136,8854,315,179
197,15,13,195.0,20.0,152,5612,714,562
190,16,13,195.0,20.0,144,5966,718,574
195,23,13,195.0,20.0,142,8498,286,144
193,23,13,195.0,20.0,140,8496,1001,861
196,16,13,195.0,20.0,150,5972,712,562
204,22,14,205.0,20.0,152,8146,1001,849
207,24,14,205.0,20.0,153,8871,1001,848
203,23,14,205.0,20.0,150,8506,1001,851
200,21,14,205.0,20.0,149,7781,1001,852
204,22,14,205.0,20.0,152,8146,1001,849
204,23,14,205.0,20.0,151,8507,1001,850
204,19,14,205.0,20.0,155,7063,735,580
207,18,14,205.0,20.0,159,6705,717,558
208,21,14,205.0,20.0,157,7789,1001,844
208,19,14,205.0,20.0,159,7067,722,563
211,15,15,215.0,20.0,166,5626,698,532
213,24,15,215.0,20.0,159,8877,1001,842
217,15,15,215.0,20.0,172,5632,692,520
214,19,15,215.0,20.0,165,7073,724,559
211,22,15,215.0,20.0,159,8153,1001,842
215,15,15,215.0,20.0,170,5630,696,526
215,20,15,215.0,20.0,165,7435,745,580
213,16,15,215.0,20.0,167,5989,695,528
210,23,15,215.0,20.0,157,8513,1001,844
210,20,15,215.0,20.0,160,7430,729,569
222,18,16,225.0,20.0,174,6720,703,529
228,22,16,225.0,20.0,176,8170,469,293
227,15,16,225.0,20.0,182,5642,424,242
224,22,16,225.0,20.0,172,8166,1001,829
222,15,16,225.0,20.0,177,5637,693,516
226,16,16,225.0,20.0,180,6002,682,502
221,16,16,225.0,20.0,175,5997,687,512
222,17,16,225.0,20.0,175,6359,705,530
227,21,16,225.0,20.0,176,7808,454,278
229,15,16,225.0,20.0,184,5644,407,223
231,15,17,235.0,20.0,186,5646,406,220
234,19,17,235.0,20.0,185,7093,412,227
236,21,17,235.0,20.0,185,7817,426,241
239,15,17,235.0,20.0,194,5654,408,214
239,17,17,235.0,20.0,192,6376,426,234
237,17,17,235.0,20.0,190,6374,413,223
236,22,17,235.0,20.0,184,8178,442,258
239,24,17,235.0,20.0,185,8903,601,416
233,19,17,235.0,20.0,184,7092,428,244
235,24,17,235.0,20.0,181,8899,426,245
242,20,18,245.0,20.0,192,7462,419,227
240,17,18,245.0,20.0,193,6377,400,207
243,19,18,245.0,20.0,194,7102,388,194
246,24,18,245.0,20.0,192,8910,1001,809
248,17,18,245.0,20.0,201,6385,399,198
249,16,18,245.0,20.0,203,6025,387,184
246,17,18,245.0,20.0,199,6383,390,191
246,24,18,245.0,20.0,192,8910,1001,809
242,21,18,245.0,20.0,191,7823,414,223
241,17,18,245.0,20.0,194,6378,415,221
259,15,19,255.0,20.0,214,5674,695,481
252,17,19,255.0,20.0,205,6389,383,178
255,23,19,255.0,20.0,202,8558,1001,799
256,18,19,255.0,20.0,208,6754,402,194
255,20,19,255.0,20.0,205,7475,398,193
259,17,19,255.0,20.0,212,6396,407,195
250,24,19,255.0,20.0,196,8914,1001,805
256,15,19,255.0,20.0,211,5671,653,442
255,21,19,255.0,20.0,204,7836,399,195
252,18,19,255.0,20.0,204,6750,402,198
267,17,20,265.0,20.0,220,6404,393,173
268,19,20,265.0,20.0,219,7127,398,179
269,18,20,265.0,20.0,221,6767,393,172
269,21,20,265.0,20.0,218,7850,380,162
268,24,20,265.0,20.0,214,8932,384,170
264,20,20,265.0,20.0,214,7484,371,157
265,23,20,265.0,20.0,212,8568,428,216
265,20,20,265.0,20.0,215,7485,386,171
261,23,20,265.0,20.0,208,8564,365,157
262,19,20,265.0,20.0,213,7121,398,185
279,22,21,275.0,20.0,227,8221,1001,774
277,17,21,275.0,20.0,230,6414,407,177
272,19,21,275.0,20.0,223,7131,411,188
274,19,21,275.0,20.0,225,7133,693,468
271,21,21,275.0,20.0,220,7852,716,496
275,18,21,275.0,20.0,227,6773,724,497
271,24,21,275.0,20.0,217,8935,466,249
275,19,21,275.0,20.0,226,7134,688,462
277,23,21,275.0,20.0,224,8580,470,246
271,22,21,275.0,20.0,219,8213,397,178
285,15,22,285.0,20.0,240,5700,1001,761
286,21,22,285.0,20.0,235,7867,671,436
282,22,22,285.0,20.0,230,8224,620,390
289,15,22,285.0,20.0,244,5704,636,392
285,15,22,285.0,20.0,240,5700,632,392
286,18,22,285.0,20.0,238,6784,675,437
280,22,22,285.0,20.0,228,8222,457,229
285,21,22,285.0,20.0,234,7866,648,414
283,19,22,285.0,20.0,234,7142,696,462
289,20,22,285.0,20.0,239,7509,667,428
290,24,23,295.0,20.0,236,8954,625,389
290,16,23,295.0,20.0,244,6066,652,408
295,21,23,295.0,20.0,244,7876,546,302
298,21,23,295.0,20.0,247,7879,569,322
292,16,23,295.0,20.0,246,6068,566,320
298,16,23,295.0,20.0,252,6074,571,319
293,24,23,295.0,20.0,239,8957,541,302
298,17,23,295.0,20.0,251,6435,553,302
295,16,23,295.0,20.0,249,6071,580,331
294,18,23,295.0,20.0,246,6792,595,349
303,21,24,305.0,20.0,252,7884,1001,749
300,16,24,305.0,20.0,254,6076,578,324
304,20,24,305.0,20.0,254,7524,1001,747
307,20,24,305.0,20.0,257,7527,1001,744
300,17,24,305.0,20.0,253,6437,579,326
307,24,24,305.0,20.0,253,8971,1001,748
301,23,24,305.0,20.0,248,8604,569,321
305,24,24,305.0,20.0,251,8969,1001,750
301,15,24,305.0,20.0,256,5716,566,310
305,23,24,305.0,20.0,252,8608,1001,749
310,19,25,312.5,20.0,261,7169,651,390
312,22,25,312.5,20.0,260,8254,1001,741
313,23,25,312.5,20.0,260,8616,1001,741
310,21,25,312.5,20.0,259,7891,1001,742
311,19,25,312.5,20.0,262,7170,692,430
311,20,25,312.5,20.0,261,7531,1001,740
311,24,25,312.5,20.0,257,8975,1001,744
313,23,25,312.5,20.0,260,8616,1001,741
314,19,25,312.5,20.0,265,7173,753,488
314,17,25,312.5,20.0,267,6451,702,435
63,26,26,65.0,30.0,7,9449,21,14
64,31,26,65.0,30.0,5,11255,41,36
63,29,26,65.0,30.0,4,10532,21,17
63,30,26,65.0,30.0,3,10893,37,34
68,25,26,65.0,30.0,13,9093,52,39
64,25,26,65.0,30.0,9,9089,54,45
67,29,26,65.0,30.0,8,10536,28,20
69,26,26,65.0,30.0,13,9455,84,71
64,25,26,65.0,30.0,9,9089,39,30
64,27,26,65.0,30.0,7,9811,21,14
74,34,27,75.0,30.0,18,12348,43,25
70,32,27,75.0,30.0,12,11622,128,116
77,29,27,75.0,30.0,18,10546,146,128
73,32,27,75.0,30.0,15,11625,118,103
76,25,27,75.0,30.0,21,9101,232,211
73,25,27,75.0,30.0,18,9098,81,63
75,27,27,75.0,30.0,18,9822,66,48
77,26,27,75.0,30.0,21,9463,173,152
79,34,27,75.0,30.0,23,12353,75,52
72,25,27,75.0,30.0,17,9097,570,553
84,32,28,85.0,30.0,26,11636,149,123
89,26,28,85.0,30.0,33,9475,1001,968
88,27,28,85.0,30.0,31,9835,1001,970
86,31,28,85.0,30.0,27,11277,1001,974
87,33,28,85.0,30.0,30,12000,1001,971
83,34,28,85.0,30.0,27,12357,102,75
82,28,28,85.0,30.0,24,10190,1001,977
82,34,28,85.0,30.0,26,12356,574,548
83,27,28,85.0,30.0,26,9830,215,189
81,25,28,85.0,30.0,26,9106,41,15
98,25,29,95.0,30.0,43,9123,1001,958
98,28,29,95.0,30.0,40,10206,1001,961
91,34,29,95.0,30.0,35,12365,1001,966
94,34,29,95.0,30.0,38,12368,1001,963
95,31,29,95.0,30.0,36,11286,1001,965
94,25,29,95.0,30.0,39,9119,1001,962
94,26,29,95.0,30.0,38,9480,1001,963
99,34,29,95.0,30.0,43,12373,949,906
96,26,29,95.0,30.0,40,9482,1001,961
90,30,29,95.0,30.0,30,10920,1001,971
102,25,30,105.0,30.0,47,9127,1001,954
104,27,30,105.0,30.0,47,9851,937,890
104,33,30,105.0,30.0,47,12017,978,931
108,34,30,105.0,30.0,52,12382,1001,949
108,30,30,105.0,30.0,48,10938,959,911
108,26,30,105.0,30.0,52,9494,288,236
100,26,30,105.0,30.0,44,9486,1001,957
109,32,30,105.0,30.0,51,11661,1001,950
108,28,30,105.0,30.0,50,10216,949,899
104,25,30,105.0,30.0,49,9129,1001,952
116,27,31,115.0,30.0,59,9863,172,113
116,29,31,115.0,30.0,57,10585,869,812
111,28,31,115.0,30.0,53,10219,944,891
118,28,31,115.0,30.0,60,10226,869,809
119,28,31,115.0,30.0,61,10227,896,835
114,26,31,115.0,30.0,58,9500,169,111
113,30,31,115.0,30.0,53,10943,874,821
110,32,31,115.0,30.0,52,11662,956,904
110,28,31,115.0,30.0,52,10218,956,904
118,31,31,115.0,30.0,59,11309,876,817
128,29,32,125.0,30.0,69,10597,869,800
123,25,32,125.0,30.0,68,9148,581,513
128,25,32,125.0,30.0,73,9153,182,109
127,31,32,125.0,30.0,68,11318,860,792
129,28,32,125.0,30.0,71,10237,892,821
129,30,32,125.0,30.0,69,10959,881,812
124,27,32,125.0,30.0,67,9871,431,364
129,32,32,125.0,30.0,71,11681,874,803
124,25,32,125.0,30.0,69,9149,422,353
122,32,32,125.0,30.0,64,11674,873,809
130,31,33,135.0,30.0,71,11321,863,792
131,32,33,135.0,30.0,73,11683,893,820
131,29,33,135.0,30.0,72,10600,927,855
138,25,33,135.0,30.0,83,9163,342,259
131,30,33,135.0,30.0,71,10961,879,808
133,28,33,135.0,30.0,75,10241,1001,926
130,29,33,135.0,30.0,71,10599,918,847
137,28,33,135.0,30.0,79,10245,1001,922
131,29,33,135.0,30.0,72,10600,1001,929
131,33,33,135.0,30.0,74,12044,848,774
142,27,34,145.0,30.0,85,9889,346,261
147,29,34,145.0,30.0,88,10616,821,733
141,30,34,145.0,30.0,81,10971,813,732
146,27,34,145.0,30.0,89,9893,274,185
140,27,34,145.0,30.0,83,9887,862,779
141,26,34,145.0,30.0,85,9527,268,183
146,30,34,145.0,30.0,86,10976,420,334
141,33,34,145.0,30.0,84,12054,831,747
143,29,34,145.0,30.0,84,10612,825,741
147,31,34,145.0,30.0,88,11338,806,718
152,25,35,155.0,30.0,97,9177,317,220
150,30,35,155.0,30.0,90,10980,860,770
153,31,35,155.0,30.0,94,11344,830,736
157,27,35,155.0,30.0,100,9904,264,164
152,25,35,155.0,30.0,97,9177,206,109
156,31,35,155.0,30.0,97,11347,1001,904
154,33,35,155.0,30.0,97,12067,824,727
152,32,35,155.0,30.0,94,11704,798,704
150,28,35,155.0,30.0,92,10258,296,204
150,31,35,155.0,30.0,91,11341,813,722
163,31,36,165.0,30.0,104,11354,1001,897
166,32,36,165.0,30.0,108,11718,1001,893
165,27,36,165.0,30.0,108,9912,1001,893
162,29,36,165.0,30.0,103,10631,1001,898
167,26,36,165.0,30.0,111,9553,223,112
168,26,36,165.0,30.0,112,9554,338,226
163,28,36,165.0,30.0,105,10271,1001,896
169,25,36,165.0,30.0,114,9194,415,301
166,28,36,165.0,30.0,108,10274,224,116
167,27,36,165.0,30.0,110,9914,235,125
172,30,37,175.0,30.0,112,11002,1001,889
176,28,37,175.0,30.0,118,10284,329,211
178,25,37,175.0,30.0,123,9203,438,315
177,33,37,175.0,30.0,120,12090,751,631
170,32,37,175.0,30.0,112,11722,1001,889
170,33,37,175.0,30.0,113,12083,1001,888
175,29,37,175.0,30.0,116,10644,1001,885
174,34,37,175.0,30.0,118,12448,767,649
173,27,37,175.0,30.0,116,9920,291,175
170,28,37,175.0,30.0,112,10278,1001,889
187,31,38,185.0,30.0,128,11378,252,124
189,26,38,185.0,30.0,133,9575,499,366
187,34,38,185.0,30.0,131,12461,257,126
189,25,38,185.0,30.0,134,9214,246,112
182,34,38,185.0,30.0,126,12456,281,155
180,28,38,185.0,30.0,122,10288,240,118
188,26,38,185.0,30.0,132,9574,319,187
187,29,38,185.0,30.0,128,10656,249,121
182,30,38,185.0,30.0,122,11012,266,144
180,29,38,185.0,30.0,121,10649,285,164
193,32,39,195.0,30.0,135,11745,344,209
199,28,39,195.0,30.0,141,10307,1001,860
196,30,39,195.0,30.0,136,11026,343,207
190,32,39,195.0,30.0,132,11742,288,156
193,33,39,195.0,30.0,136,12106,310,174
196,27,39,195.0,30.0,139,9943,295,156
191,28,39,195.0,30.0,133,10299,367,234
194,25,39,195.0,30.0,139,9219,431,292
194,27,39,195.0,30.0,137,9941,336,199
197,31,39,195.0,30.0,138,11388,1001,863
208,34,40,205.0,30.0,152,12482,1001,849
208,27,40,205.0,30.0,151,9955,1001,850
205,26,40,205.0,30.0,149,9591,1001,852
203,31,40,205.0,30.0,144,11394,1001,857
204,26,40,205.0,30.0,148,9590,1001,853
202,30,40,205.0,30.0,142,11032,1001,859
206,25,40,205.0,30.0,151,9231,1001,850
206,26,40,205.0,30.0,150,9592,1001,851
201,30,40,205.0,30.0,141,11031,1001,860
206,34,40,205.0,30.0,150,12480,1001,851
216,25,41,215.0,30.0,161,9241,1001,840
218,29,41,215.0,30.0,159,10687,1001,842
210,34,41,215.0,30.0,154,12484,1001,847
212,33,41,215.0,30.0,155,12125,1001,846
216,32,41,215.0,30.0,158,11768,1001,843
218,34,41,215.0,30.0,162,12492,1001,839
214,27,41,215.0,30.0,157,9961,1001,844
215,34,41,215.0,30.0,159,12489,1001,842
218,31,41,215.0,30.0,159,11409,1001,842
211,34,41,215.0,30.0,155,12485,1001,846
221,29,42,225.0,30.0,162,10690,1001,839
225,29,42,225.0,30.0,166,10694,1001,835
223,26,42,225.0,30.0,167,9609,1001,834
222,31,42,225.0,30.0,163,11413,1001,838
228,29,42,225.0,30.0,169,10697,447,278
225,30,42,225.0,30.0,165,11055,1001,836
227,29,42,225.0,30.0,168,10696,436,268
221,31,42,225.0,30.0,162,11412,1001,839
220,26,42,225.0,30.0,164,9606,1001,837
224,27,42,225.0,30.0,167,9971,1001,834
238,26,43,235.0,30.0,182,9624,484,302
237,33,43,235.0,30.0,180,12150,463,283
230,34,43,235.0,30.0,174,12504,468,294
232,26,43,235.0,30.0,176,9618,462,286
234,29,43,235.0,30.0,175,10703,1001,826
233,27,43,235.0,30.0,176,9980,557,381
239,28,43,235.0,30.0,181,10347,1001,820
235,32,43,235.0,30.0,177,11787,481,304
236,25,43,235.0,30.0,181,9261,592,411
234,27,43,235.0,30.0,177,9981,504,327
242,31,44,245.0,30.0,183,11433,535,352
245,29,44,245.0,30.0,186,10714,1001,815
248,31,44,245.0,30.0,189,11439,489,300
248,27,44,245.0,30.0,191,9995,1001,810
241,28,44,245.0,30.0,183,10349,1001,818
246,25,44,245.0,30.0,191,9271,1001,810
241,34,44,245.0,30.0,185,12515,486,301
244,25,44,245.0,30.0,189,9269,1001,812
245,32,44,245.0,30.0,187,11797,493,306
242,33,44,245.0,30.0,185,12155,541,356
251,31,45,255.0,30.0,192,11442,598,406
259,31,45,255.0,30.0,200,11450,386,186
254,31,45,255.0,30.0,195,11445,565,370
254,26,45,255.0,30.0,198,9640,1001,803
256,34,45,255.0,30.0,200,12530,348,148
251,33,45,255.0,30.0,194,12164,464,270
255,29,45,255.0,30.0,196,10724,1001,805
256,28,45,255.0,30.0,198,10364,1001,803
257,30,45,255.0,30.0,197,11087,352,155
255,33,45,255.0,30.0,198,12168,468,270
262,31,46,265.0,30.0,203,11453,374,171
266,32,46,265.0,30.0,208,11818,615,407
262,32,46,265.0,30.0,204,11814,379,175
267,31,46,265.0,30.0,208,11458,400,192
260,33,46,265.0,30.0,203,12173,387,184
261,26,46,265.0,30.0,205,9647,361,156
264,28,46,265.0,30.0,206,10372,369,163
269,33,46,265.0,30.0,212,12182,432,220
261,26,46,265.0,30.0,205,9647,361,156
264,34,46,265.0,30.0,208,12538,383,175
270,33,47,275.0,30.0,213,12183,397,184
276,28,47,275.0,30.0,218,10384,1001,783
278,32,47,275.0,30.0,220,11830,569,349
279,30,47,275.0,30.0,219,11109,565,346
276,27,47,275.0,30.0,219,10023,431,212
276,34,47,275.0,30.0,220,12550,580,360
278,31,47,275.0,30.0,219,11469,546,327
279,29,47,275.0,30.0,220,10748,462,242
276,25,47,275.0,30.0,221,9301,442,221
277,26,47,275.0,30.0,221,9663,377,156
286,33,48,285.0,30.0,229,12199,610,381
284,31,48,285.0,30.0,225,11475,579,354
288,27,48,285.0,30.0,231,10035,617,386
285,27,48,285.0,30.0,228,10032,636,408
281,30,48,285.0,30.0,221,11111,475,254
285,26,48,285.0,30.0,229,9671,507,278
285,32,48,285.0,30.0,227,11837,648,421
288,28,48,285.0,30.0,230,10396,632,402
280,25,48,285.0,30.0,225,9305,437,212
283,33,48,285.0,30.0,226,12196,539,313
290,32,49,295.0,30.0,232,11842,572,340
291,27,49,295.0,30.0,234,10038,570,336
292,26,49,295.0,30.0,236,9678,573,337
292,27,49,295.0,30.0,235,10039,567,332
296,33,49,295.0,30.0,239,12209,536,297
295,26,49,295.0,30.0,239,9681,576,337
298,27,49,295.0,30.0,241,10045,1001,760
299,29,49,295.0,30.0,240,10768,542,302
297,33,49,295.0,30.0,240,12210,614,374
293,33,49,295.0,30.0,236,12206,532,296
307,34,50,305.0,30.0,251,12581,721,470
308,30,50,305.0,30.0,248,11138,1001,753
307,32,50,305.0,30.0,249,11859,1001,752
300,30,50,305.0,30.0,240,11130,564,324
305,27,50,305.0,30.0,248,10052,1001,753
303,25,50,305.0,30.0,248,9328,561,313
308,26,50,305.0,30.0,252,9694,615,363
306,29,50,305.0,30.0,247,10775,1001,754
304,34,50,305.0,30.0,248,12578,1001,753
301,31,50,305.0,30.0,242,11492,594,352
314,32,51,312.5,30.0,256,11866,1001,745
310,33,51,312.5,30.0,253,12223,1001,748
314,28,51,312.5,30.0,256,10422,1001,745
312,29,51,312.5,30.0,253,10781,1001,748
310,25,51,312.5,30.0,255,9335,1001,746
312,25,51,312.5,30.0,257,9337,1001,744
311,31,51,312.5,30.0,252,11502,1001,749
311,32,51,312.5,30.0,253,11863,1001,748
310,32,51,312.5,30.0,252,11862,1001,749
312,31,51,312.5,30.0,253,11503,1001,748
63,44,52,65.0,40.0,17,15947,58,41
65,42,52,65.0,40.0,17,15227,69,52
62,42,52,65.0,40.0,14,15224,63,49
65,44,52,65.0,40.0,19,15949,81,62
63,42,52,65.0,40.0,15,15225,72,57
63,42,52,65.0,40.0,15,15225,70,55
62,35,52,65.0,40.0,7,12697,25,18
66,35,52,65.0,40.0,11,12701,29,18
68,35,52,65.0,40.0,13,12703,52,39
61,42,52,65.0,40.0,13,15223,54,41
77,35,53,75.0,40.0,22,12712,114,92
76,42,53,75.0,40.0,28,15238,107,79
72,35,53,75.0,40.0,17,12707,92,75
72,39,53,75.0,40.0,21,14151,77,56
70,42,53,75.0,40.0,22,15232,135,113
77,37,53,75.0,40.0,24,13434,120,96
76,35,53,75.0,40.0,21,12711,29,8
71,36,53,75.0,40.0,17,13067,93,76
77,44,53,75.0,40.0,31,15961,73,42
73,35,53,75.0,40.0,18,12708,93,75
82,43,54,85.0,40.0,35,15605,177,142
80,41,54,85.0,40.0,31,14881,222,191
84,39,54,85.0,40.0,33,14163,260,227
84,35,54,85.0,40.0,29,12719,97,68
82,39,54,85.0,40.0,31,14161,135,104
87,35,54,85.0,40.0,32,12722,1001,969
80,38,54,85.0,40.0,28,13798,142,114
81,42,54,85.0,40.0,33,15243,155,122
80,41,54,85.0,40.0,31,14881,176,145
89,42,54,85.0,40.0,41,15251,1001,960
96,42,55,95.0,40.0,48,15258,980,932
91,43,55,95.0,40.0,44,15614,1001,957
95,44,55,95.0,40.0,49,15979,974,925
90,36,55,95.0,40.0,36,13086,1001,965
93,37,55,95.0,40.0,40,13450,1001,961
91,38,55,95.0,40.0,39,13809,1001,962
97,38,55,95.0,40.0,45,13815,1001,956
90,35,55,95.0,40.0,35,12725,1001,966
99,38,55,95.0,40.0,47,13817,953,906
97,38,55,95.0,40.0,45,13815,1001,956
109,39,56,105.0,40.0,58,14188,976,918
103,37,56,105.0,40.0,50,13460,970,920
107,36,56,105.0,40.0,53,13103,1001,948
100,40,56,105.0,40.0,50,14540,976,926
105,42,56,105.0,40.0,57,15267,990,933
103,43,56,105.0,40.0,56,15626,983,927
108,39,56,105.0,40.0,57,14187,963,906
108,40,56,105.0,40.0,58,14548,1000,942
102,38,56,105.0,40.0,50,13820,956,906
106,44,56,105.0,40.0,60,15990,987,927
119,40,57,115.0,40.0,69,14559,905,836
116,42,57,115.0,40.0,68,15278,897,829
116,40,57,115.0,40.0,66,14556,905,839
110,37,57,115.0,40.0,57,13467,1001,944
110,41,57,115.0,40.0,61,14911,1001,940
117,40,57,115.0,40.0,67,14557,894,827
110,40,57,115.0,40.0,60,14550,993,933
112,41,57,115.0,40.0,63,14913,908,845
115,43,57,115.0,40.0,68,15638,899,831
117,44,57,115.0,40.0,71,16001,916,845
125,41,58,125.0,40.0,76,14926,910,834
129,35,58,125.0,40.0,74,12764,846,772
124,43,58,125.0,40.0,77,15647,959,882
126,35,58,125.0,40.0,71,12761,847,776
124,36,58,125.0,40.0,70,13120,884,814
129,43,58,125.0,40.0,82,15652,965,883
121,35,58,125.0,40.0,66,12756,901,835
121,44,58,125.0,40.0,75,16005,950,875
124,43,58,125.0,40.0,77,15647,927,850
123,37,58,125.0,40.0,70,13480,895,825
139,39,59,135.0,40.0,88,14218,820,732
133,36,59,135.0,40.0,79,13129,849,770
133,36,59,135.0,40.0,79,13129,860,781
135,36,59,135.0,40.0,81,13131,848,767
135,35,59,135.0,40.0,80,12770,864,784
139,37,59,135.0,40.0,86,13496,822,736
135,38,59,135.0,40.0,83,13853,835,752
131,37,59,135.0,40.0,78,13488,864,786
132,38,59,135.0,40.0,80,13850,838,758
131,37,59,135.0,40.0,78,13488,844,766
140,39,60,145.0,40.0,89,14219,839,750
147,39,60,145.0,40.0,96,14226,820,724
147,42,60,145.0,40.0,99,15309,892,793
142,43,60,145.0,40.0,95,15665,837,742
149,43,60,145.0,40.0,102,15672,887,785
147,41,60,145.0,40.0,98,14948,845,747
149,35,60,145.0,40.0,94,12784,794,700
144,40,60,145.0,40.0,94,14584,839,745
140,36,60,145.0,40.0,86,13136,817,731
142,42,60,145.0,40.0,94,15304,839,745
154,41,61,155.0,40.0,105,14955,860,755
154,35,61,155.0,40.0,99,12789,789,690
152,41,61,155.0,40.0,103,14953,885,782
152,36,61,155.0,40.0,98,13148,816,718
154,39,61,155.0,40.0,103,14233,829,726
153,37,61,155.0,40.0,100,13510,815,715
150,37,61,155.0,40.0,97,13507,807,710
158,39,61,155.0,40.0,107,14237,797,690
155,42,61,155.0,40.0,107,15317,884,777
157,39,61,155.0,40.0,106,14236,800,694
165,38,62,165.0,40.0,113,13883,793,680
167,37,62,165.0,40.0,114,13524,795,681
164,35,62,165.0,40.0,109,12799,789,680
168,36,62,165.0,40.0,114,13164,799,685
165,43,62,165.0,40.0,118,15688,776,658
164,39,62,165.0,40.0,113,14243,799,686
166,43,62,165.0,40.0,119,15689,778,659
167,36,62,165.0,40.0,113,13163,794,681
169,37,62,165.0,40.0,116,13526,798,682
168,37,62,165.0,40.0,115,13525,790,675
172,39,63,175.0,40.0,121,14251,772,651
175,42,63,175.0,40.0,127,15337,769,642
179,39,63,175.0,40.0,128,14258,270,142
173,41,63,175.0,40.0,124,14974,778,654
174,44,63,175.0,40.0,128,16058,772,644
177,36,63,175.0,40.0,123,13173,759,636
176,41,63,175.0,40.0,127,14977,776,649
171,35,63,175.0,40.0,116,12806,759,643
172,40,63,175.0,40.0,122,14612,764,642
178,43,63,175.0,40.0,131,15701,793,662
181,35,64,185.0,40.0,126,12816,251,125
182,43,64,185.0,40.0,135,15705,262,127
180,40,64,185.0,40.0,130,14620,777,647
181,37,64,185.0,40.0,128,13538,264,136
188,41,64,185.0,40.0,139,14989,432,293
183,42,64,185.0,40.0,135,15345,287,152
187,35,64,185.0,40.0,132,12822,258,126
188,37,64,185.0,40.0,135,13545,303,168
186,40,64,185.0,40.0,136,14626,280,144
185,43,64,185.0,40.0,138,15708,272,134
190,40,65,195.0,40.0,140,14630,321,181
199,36,65,195.0,40.0,145,13195,272,127
190,40,65,195.0,40.0,140,14630,323,183
190,43,65,195.0,40.0,143,15713,303,160
193,36,65,195.0,40.0,139,13189,294,155
195,38,65,195.0,40.0,143,13913,513,370
198,36,65,195.0,40.0,144,13194,316,172
190,39,65,195.0,40.0,139,14269,266,127
198,35,65,195.0,40.0,143,12833,355,212
193,44,65,195.0,40.0,147,16077,274,127
203,37,66,205.0,40.0,150,13560,1001,851
201,43,66,205.0,40.0,154,15724,328,174
203,37,66,205.0,40.0,150,13560,277,127
200,43,66,205.0,40.0,153,15723,333,180
208,37,66,205.0,40.0,155,13565,1001,846
200,37,66,205.0,40.0,147,13557,299,152
206,37,66,205.0,40.0,153,13563,1001,848
204,43,66,205.0,40.0,157,15727,343,186
205,37,66,205.0,40.0,152,13562,1001,849
202,40,66,205.0,40.0,152,14642,407,255
215,40,67,215.0,40.0,165,14655,359,194
216,37,67,215.0,40.0,163,13573,1001,838
216,38,67,215.0,40.0,164,13934,1001,837
219,44,67,215.0,40.0,173,16103,385,212
215,41,67,215.0,40.0,166,15016,412,246
218,41,67,215.0,40.0,169,15019,423,254
219,44,67,215.0,40.0,173,16103,410,237
217,36,67,215.0,40.0,163,13213,1001,838
215,37,67,215.0,40.0,162,13572,1001,839
217,37,67,215.0,40.0,164,13574,623,459
229,42,68,225.0,40.0,181,15391,446,265
225,38,68,225.0,40.0,173,13943,1001,828
221,38,68,225.0,40.0,169,13939,1001,832
222,44,68,225.0,40.0,176,16106,403,227
225,40,68,225.0,40.0,175,14665,369,194
222,44,68,225.0,40.0,176,16106,423,247
224,40,68,225.0,40.0,174,14664,361,187
223,36,68,225.0,40.0,169,13219,1001,832
223,35,68,225.0,40.0,168,12858,1001,833
229,36,68,225.0,40.0,175,13225,1001,826
232,43,69,235.0,40.0,185,15755,313,128
236,44,69,235.0,40.0,190,16120,386,196
239,36,69,235.0,40.0,185,13235,472,287
235,38,69,235.0,40.0,183,13953,1001,818
233,44,69,235.0,40.0,187,16117,451,264
239,43,69,235.0,40.0,192,15762,320,128
234,38,69,235.0,40.0,182,13952,1001,819
238,40,69,235.0,40.0,188,14678,386,198
230,44,69,235.0,40.0,184,16114,442,258
234,44,69,235.0,40.0,188,16118,430,242
243,44,70,245.0,40.0,197,16127,483,286
244,36,70,245.0,40.0,190,13240,524,334
249,42,70,245.0,40.0,201,15411,413,212
240,39,70,245.0,40.0,189,14319,354,165
246,38,70,245.0,40.0,194,13964,1001,807
240,35,70,245.0,40.0,185,12875,497,312
246,37,70,245.0,40.0,193,13603,561,368
249,43,70,245.0,40.0,202,15772,330,128
249,35,70,245.0,40.0,194,12884,515,321
245,44,70,245.0,40.0,199,16129,502,303
256,41,71,255.0,40.0,207,15057,420,213
251,43,71,255.0,40.0,204,15774,332,128
250,43,71,255.0,40.0,203,15773,331,128
258,39,71,255.0,40.0,207,14337,411,204
259,36,71,255.0,40.0,205,13255,348,143
255,35,71,255.0,40.0,200,12890,519,319
253,36,71,255.0,40.0,199,13249,496,297
256,40,71,255.0,40.0,206,14696,383,177
253,39,71,255.0,40.0,202,14332,361,159
252,40,71,255.0,40.0,202,14692,376,174
269,35,72,265.0,40.0,214,12904,576,362
263,38,72,265.0,40.0,211,13981,385,174
265,37,72,265.0,40.0,212,13622,382,170
261,35,72,265.0,40.0,206,12896,352,146
269,36,72,265.0,40.0,215,13265,358,143
267,43,72,265.0,40.0,220,15790,476,256
266,38,72,265.0,40.0,214,13984,441,227
260,39,72,265.0,40.0,209,14339,382,173
263,40,72,265.0,40.0,213,14703,384,171
263,40,72,265.0,40.0,213,14703,393,180
272,43,73,275.0,40.0,225,15795,744,519
274,39,73,275.0,40.0,223,14353,1001,778
273,37,73,275.0,40.0,220,13630,408,188
276,37,73,275.0,40.0,223,13633,461,238
272,41,73,275.0,40.0,223,15073,1001,778
275,35,73,275.0,40.0,220,12910,585,365
277,42,73,275.0,40.0,229,15439,1001,772
277,36,73,275.0,40.0,223,13273,366,143
278,39,73,275.0,40.0,227,14357,413,186
277,40,73,275.0,40.0,227,14717,620,393
285,38,74,285.0,40.0,233,14003,503,270
281,35,74,285.0,40.0,226,12916,624,398
289,43,74,285.0,40.0,242,15812,603,361
283,35,74,285.0,40.0,228,12918,553,325
286,41,74,285.0,40.0,237,15087,541,304
286,42,74,285.0,40.0,238,15448,523,285
284,40,74,285.0,40.0,234,14724,570,336
282,37,74,285.0,40.0,229,13639,499,270
281,44,74,285.0,40.0,235,16165,1001,766
284,44,74,285.0,40.0,238,16168,596,358
291,38,75,295.0,40.0,239,14009,563,324
292,42,75,295.0,40.0,244,15454,593,349
290,44,75,295.0,40.0,244,16174,584,340
292,35,75,295.0,40.0,237,12927,638,401
291,36,75,295.0,40.0,237,13287,626,389
299,35,75,295.0,40.0,244,12934,597,353
294,44,75,295.0,40.0,248,16178,537,289
296,39,75,295.0,40.0,245,14375,551,306
297,43,75,295.0,40.0,250,15820,559,309
292,35,75,295.0,40.0,237,12927,605,368
305,36,76,305.0,40.0,251,13301,782,531
301,36,76,305.0,40.0,247,13297,615,368
304,42,76,305.0,40.0,256,15466,543,287
309,39,76,305.0,40.0,258,14388,1001,743
303,43,76,305.0,40.0,256,15826,1001,745
306,44,76,305.0,40.0,260,16190,546,286
308,41,76,305.0,40.0,259,15109,551,292
302,36,76,305.0,40.0,248,13298,605,357
303,40,76,305.0,40.0,253,14743,603,350
300,36,76,305.0,40.0,246,13296,591,345
310,43,77,312.5,40.0,263,15833,575,312
312,35,77,312.5,40.0,257,12947,1001,744
311,39,77,312.5,40.0,260,14390,1001,741
312,37,77,312.5,40.0,259,13669,1001,742
313,37,77,312.5,40.0,260,13670,1001,741
313,35,77,312.5,40.0,258,12948,1001,743
314,39,77,312.5,40.0,263,14393,1001,738
313,37,77,312.5,40.0,260,13670,1001,741
310,42,77,312.5,40.0,262,15472,557,295
314,37,77,312.5,40.0,261,13671,1001,740
